   3.6863923658900266e-01
   3.6863923637454460e-01
   3.5674559184646798e-01
   3.1986826962698739e-01
   2.7168974475557928e-01
   2.7168974459504619e-01
   1.0159873812755982e-01
   1.0159873812488153e-01
   1.0021210460145574e-01
   9.9780305886508339e-02
   9.6520484085018898e-02
   9.6520484083837066e-02
   5.0438614712677590e-02
   5.0438614709085408e-02
   5.0249243392827408e-02
   5.0207854976753868e-02
   4.9773066788492755e-02
   4.9773066787392281e-02
   2.3978552118877162e-02
   2.3926418477763483e-02
   2.3926418477715584e-02
   2.3874391344933327e-02
   2.3803238705632605e-02
   2.3803238705507886e-02
   2.3751621693807325e-02
   2.3751621693352681e-02
   2.3630104484363729e-02
   2.1318581946718488e-02
   2.1318581946241078e-02
   2.1312530419649429e-02
   2.1312530419559599e-02
   2.1301232734751804e-02
   2.1279675097429031e-02
   2.0973983230999048e-02
   2.0973983230846940e-02
   2.0958079237129321e-02
   2.0958079237016761e-02
   2.0927512140989136e-02
   2.0914710662980944e-02
   1.9724884553117085e-02
   1.9724884552923413e-02
   1.9710743871457756e-02
   1.9710743871445880e-02
   1.9681924184817054e-02
   1.9677712511639116e-02
   1.2317895927976913e-02
   1.2317895927970708e-02
   1.2316840391761645e-02
   1.2316675182137778e-02
   1.2312554431253552e-02
   1.2312554431248892e-02
   1.2252033710832328e-02
   1.2252033710794249e-02
   1.2248862472671653e-02
   1.2248753797353932e-02
   1.2241311802415470e-02
   1.2241311802361010e-02
   1.1987864079183919e-02
   1.1987864079135444e-02
   1.1984638487822630e-02
   1.1984571832420776e-02
   1.1977490071364054e-02
   1.1977490071344660e-02
   8.5578461691518618e-03
   8.5556249606418607e-03
   8.5556249606318375e-03
   8.5533893482803106e-03
   8.5497077530897019e-03
   8.5497077530763965e-03
   8.5474566504518852e-03
   8.5474566504443600e-03
   8.5415191977935359e-03
   5.9222132999654708e-03
   5.9215394088912594e-03
   5.9215394088800045e-03
   5.9208581214922704e-03
   5.9196056837765489e-03
   5.9196056837755731e-03
   5.9189152533318202e-03
   5.9189152533313666e-03
   5.9169650709964298e-03
   1.3679018249523629e-04
   1.2484726477851802e-04
   1.2484726477851791e-04
   1.1556990327805055e-04
   9.7991653005704066e-05
   9.7991653005693874e-05
   9.3309409060459127e-05
   9.3309409060459060e-05
   8.0363648248669631e-05
   7.7776214290140139e-05
   7.5372153556094783e-05
   7.5372153556094688e-05
   7.3178071772872174e-05
   6.8039669161162615e-05
   6.8039669161161829e-05
   6.6412623299320198e-05
   6.6412623299320198e-05
   6.1232385900581631e-05
   5.7277470674384823e-05
   5.6296636539786319e-05
   5.6296636539786319e-05
   5.5364524227329976e-05
   5.3036384063063570e-05
   5.3036384063063496e-05
   5.2254844303366246e-05
   5.2254844303366219e-05
   4.9616434053117078e-05
   4.8231142199843520e-05
   4.8231142199843514e-05
   4.7768108535441452e-05
   4.7768108523375163e-05
   4.6880690563193839e-05
   4.6880690563193825e-05
   4.5993043376083451e-05
   4.5993043376083431e-05
   4.5591000863363571e-05
   4.5591000863363571e-05
   4.4817565008657016e-05
   4.4817564543884014e-05
   3.9756793842726740e-05
   3.9756793842726733e-05
   3.9496257867336109e-05
   3.9496257624954223e-05
   3.8990191649837782e-05
   3.8990191649837775e-05
   3.4308370153519575e-05
   3.4308370153519568e-05
   3.4140519405991770e-05
   3.4140519403741549e-05
   3.3812078540417619e-05
   3.3812078540417613e-05
   3.3474477323093606e-05
   3.3474477323093606e-05
   3.3318515869986426e-05
   3.3318515869986426e-05
   3.3013023047037447e-05
   3.3013022946247072e-05
   3.0825992988957984e-05
   3.0825992988957977e-05
   3.0704069370437132e-05
   3.0704069301620164e-05
   3.0464500150252917e-05
   3.0464500150252907e-05
   2.7897741604941997e-05
   2.7897741604941994e-05
   2.7807270505761518e-05
   2.7807270504954916e-05
   2.7628937838869457e-05
   2.7628937838869454e-05
   2.7443822788631550e-05
   2.7443822788631540e-05
   2.7357682828359511e-05
   2.7357682828359511e-05
   2.7187808621851901e-05
   2.7187808583670112e-05
   2.5926663579273316e-05
   2.5926663579273309e-05
   2.5853997734538724e-05
   2.5853997705408214e-05
   2.5710480341681249e-05
   2.5710480341681242e-05
