   0.00000000000000e+00   0.00000000000000e+00
   6.27905194576592e-07   1.25581038915318e-01
   2.50666466843690e-06   5.01332933687379e-01
   5.62143943122456e-06   1.12428788624491e+00
   9.94759547546775e-06   1.98951909509355e+00
   1.54508497016769e-05   3.09016994033538e+00
   2.20874731370492e-05   4.41749462740984e+00
   2.98045503777233e-05   5.96091007554466e+00
   3.85402938878715e-05   7.70805877757430e+00
   4.82244114990081e-05   9.64488229980162e+00
   5.87785251711632e-05   1.17557050342326e+01
   7.01166388054191e-05   1.40233277610838e+01
   8.21456526360775e-05   1.64291305272155e+01
   9.47659214817240e-05   1.89531842963448e+01
   1.07871853898912e-04   2.15743707797825e+01
   1.21352549061291e-04   2.42705098122582e+01
   1.35092467981839e-04   2.70184935963678e+01
   1.48972135507498e-04   2.97944271014996e+01
   1.62868869344839e-04   3.25737738689679e+01
   1.76657532223356e-04   3.53315064446712e+01
   1.90211303170286e-04   3.80422606340572e+01
   2.03402463758272e-04   4.06804927516545e+01
   2.16103195095198e-04   4.32206390190396e+01
   2.28186381254728e-04   4.56372762509457e+01
   2.39526414796819e-04   4.79052829593637e+01
   2.50000000000000e-04   5.00000000000000e+01
   2.59486949421825e-04   5.18973898843651e+01
   2.67870969420507e-04   5.35741938841015e+01
   2.75040430309506e-04   5.50080860619012e+01
   2.80889116877463e-04   5.61778233754926e+01
   2.85316955088221e-04   5.70633910176443e+01
   2.88230710879348e-04   5.76461421758697e+01
   2.89544657102155e-04   5.79089314204309e+01
   2.89181204791137e-04   5.78362409582275e+01
   2.87071495115400e-04   5.74142990230800e+01
   2.83155948548188e-04   5.66311897096377e+01
   2.77384767992391e-04   5.54769535984782e+01
   2.69718392818754e-04   5.39436785637507e+01
   2.60127901008647e-04   5.20255802017294e+01
   2.48595356843401e-04   4.97190713686802e+01
   2.35114101846334e-04   4.70228203692669e+01
   2.19688986960398e-04   4.39377973920796e+01
   2.02336544232544e-04   4.04673088465089e+01
   1.83085096574144e-04   3.66170193148288e+01
   1.61974804473618e-04   3.23949608947235e+01
   1.39057648851435e-04   2.78115297702870e+01
   1.14397349567305e-04   2.28794699134610e+01
   8.80692194131691e-05   1.76138438826338e+01
   6.01599537519990e-05   1.20319907503998e+01
   3.07673562897806e-05   6.15347125795612e+00
   1.79489651492081e-12   3.58979302984161e-07
  -3.20231630962244e-05  -6.40463261924488e+00
  -6.51732795273864e-05  -1.30346559054773e+01
  -9.93120947494105e-05  -1.98624189498821e+01
  -1.34292537041228e-04  -2.68585074082455e+01
  -1.69959344840693e-04  -3.39918689681386e+01
  -2.06149747410011e-04  -4.12299494820022e+01
  -2.42694194081449e-04  -4.85388388162898e+01
  -2.79417128862528e-04  -5.58834257725056e+01
  -3.16137806927452e-04  -6.32275613854904e+01
  -3.52671149284457e-04  -7.05342298568915e+01
  -3.88828631688256e-04  -7.77657263376512e+01
  -4.24419203663955e-04  -8.48838407327911e+01
  -4.59250233324819e-04  -9.18500466649638e+01
  -4.93128473501995e-04  -9.86256947003990e+01
  -5.25861044560743e-04  -1.05172208912149e+02
  -5.57256429155570e-04  -1.11451285831114e+02
  -5.87125474076737e-04  -1.17425094815347e+02
  -6.15282394263374e-04  -1.23056478852675e+02
  -6.41545774004570e-04  -1.28309154800914e+02
  -6.65739560319487e-04  -1.33147912063897e+02
  -6.87694043501262e-04  -1.37538808700252e+02
  -7.07246819827242e-04  -1.41449363965448e+02
  -7.24243731480044e-04  -1.44848746296009e+02
  -7.38539778790057e-04  -1.47707955758011e+02
  -7.50000000000000e-04  -1.50000000000000e+02
  -7.58500313865874e-04  -1.51700062773175e+02
  -7.63928320545664e-04  -1.52785664109133e+02
  -7.66184056386870e-04  -1.53236811277374e+02
  -7.65180698405943e-04  -1.53036139681189e+02
  -7.60845214456036e-04  -1.52169042891207e+02
  -7.53118955303544e-04  -1.50623791060709e+02
  -7.41958185077608e-04  -1.48391637015522e+02
  -7.27334546819168e-04  -1.45466909363834e+02
  -7.09235460136146e-04  -1.41847092027229e+02
  -6.87664448267695e-04  -1.37532889653539e+02
  -6.62641392171914e-04  -1.32528278434383e+02
  -6.34202709576614e-04  -1.26840541915323e+02
  -6.02401457270218e-04  -1.20480291454044e+02
  -5.67307355258204e-04  -1.13461471051641e+02
  -5.29006731768035e-04  -1.05801346353607e+02
  -4.87602388450767e-04  -9.75204776901534e+01
  -4.43213385498720e-04  -8.86426770997439e+01
  -3.95974746774153e-04  -7.91949493548307e+01
  -3.46037085421989e-04  -6.92074170843979e+01
  -2.93566150818643e-04  -5.87132301637287e+01
  -2.38742298087091e-04  -4.77484596174183e+01
  -1.81759881783771e-04  -3.63519763567543e+01
  -1.22826575733921e-04  -2.45653151467843e+01
  -6.21626213568477e-05  -1.24325242713695e+01
  -7.17958605968322e-12  -1.43591721193664e-06
   6.34184174151633e-05   1.26836834830327e+01
   1.27839890824849e-04   2.55679781649699e+01
   1.93002746541389e-04   3.86005493082778e+01
   2.58637475129975e-04   5.17274950259949e+01
   3.24467836565614e-04   6.48935673131227e+01
   3.90212018345268e-04   7.80424036690536e+01
   4.55583834537033e-04   9.11167669074066e+01
   5.20293960691425e-04   1.04058792138285e+02
   5.84051199324934e-04   1.16810239864987e+02
   6.46563770493548e-04   1.29312754098710e+02
   7.07540621805111e-04   1.41508124361022e+02
   7.66692752074987e-04   1.53338550414997e+02
   8.23734542710533e-04   1.64746908542107e+02
   8.78385090816858e-04   1.75677018163372e+02
   9.30369537950168e-04   1.86073907590034e+02
   9.79420388405795e-04   1.95884077681159e+02
   1.02527881091658e-03   2.05055762183316e+02
   1.06769591765345e-03   2.13539183530690e+02
   1.10643401446429e-03   2.21286802892858e+02
   1.14126781635938e-03   2.28253563271876e+02
   1.17198562235151e-03   2.34397124470301e+02
   1.19839044388663e-03   2.39678088777325e+02
   1.22030108125544e-03   2.44060216251088e+02
   1.23755314255789e-03   2.47510628511578e+02
   1.25000000000000e-03   2.50000000000000e+02
   1.25751367853533e-03   2.51502735707066e+02
   1.25998567212074e-03   2.51997134424148e+02
   1.25732768313689e-03   2.51465536627379e+02
   1.24947228082717e-03   2.49894456165434e+02
   1.23637347493316e-03   2.47274694986632e+02
   1.21800720104923e-03   2.43601440209846e+02
   1.19437171458152e-03   2.38874342916304e+02
   1.16548789057659e-03   2.33097578115319e+02
   1.13139942708040e-03   2.26279885416080e+02
   1.09217295009723e-03   2.18434590019446e+02
   1.04789801863966e-03   2.09579603727931e+02
   9.98687028791855e-04   1.99737405758371e+02
   9.44675016148635e-04   1.88935003229727e+02
   8.86019356438990e-04   1.77203871287798e+02
   8.22899364593939e-04   1.64579872918788e+02
   7.55515792972099e-04   1.51103158594420e+02
   6.84090229910655e-04   1.36818045982131e+02
   6.08864400222306e-04   1.21772880044461e+02
   5.30099369708068e-04   1.06019873941614e+02
   4.48074656199948e-04   8.96149312399896e+01
   3.63087250083890e-04   7.26174500167780e+01
   2.75450547680582e-04   5.50901095361164e+01
   1.85493201277331e-04   3.70986402554662e+01
   9.35578900066232e-05   1.87115780013246e+01
   1.61540679681534e-11   3.23081359363069e-06
  -9.48136681513932e-05  -1.89627336302786e+01
  -1.90506498560825e-04  -3.81012997121651e+01
  -2.86693394807159e-04  -5.73386789614317e+01
  -3.82982409741709e-04  -7.65964819483418e+01
  -4.78976324876439e-04  -9.57952649752877e+01
  -5.74274285942819e-04  -1.14854857188564e+02
  -6.68473471744475e-04  -1.33694694348895e+02
  -7.61170789374563e-04  -1.52234157874913e+02
  -8.51964588691454e-04  -1.70392917738291e+02
  -9.40456388798435e-04  -1.88091277759687e+02
  -1.02625260915598e-03  -2.05250521831196e+02
  -1.10896629786917e-03  -2.21793259573835e+02
  -1.18821884963886e-03  -2.37643769927773e+02
  -1.26364170584350e-03  -2.52728341168700e+02
  -1.33487802922956e-03  -2.66975605845913e+02
  -1.40158434573251e-03  -2.80316869146503e+02
  -1.46343214602703e-03  -2.92686429205405e+02
  -1.52010943951506e-03  -3.04021887903013e+02
  -1.57132225360252e-03  -3.14264450720505e+02
  -1.61679607128997e-03  -3.23359214257993e+02
  -1.65627720030901e-03  -3.31255440061801e+02
  -1.68953406727335e-03  -3.37906813454670e+02
  -1.71635843058091e-03  -3.43271686116183e+02
  -1.73656650610032e-03  -3.47313301220064e+02
  -1.75000000000000e-03  -3.50000000000000e+02
  -1.75652704343019e-03  -3.51305408686037e+02
  -1.75604302414574e-03  -3.51208604829147e+02
  -1.74847131055958e-03  -3.49694262111916e+02
  -1.73376386414114e-03  -3.46752772828228e+02
  -1.71190173651959e-03  -3.42380347303917e+02
  -1.68289544811641e-03  -3.36579089623282e+02
  -1.64678524561389e-03  -3.29357049122779e+02
  -1.60364123606342e-03  -3.20728247212684e+02
  -1.55356339594816e-03  -3.10712679189632e+02
  -1.49668145403679e-03  -2.99336290807358e+02
  -1.43315464739562e-03  -2.86630929479124e+02
  -1.36317135046448e-03  -2.72634270092896e+02
  -1.28694857764390e-03  -2.57389715528780e+02
  -1.20473136038576e-03  -2.40946272077152e+02
  -1.11679200032405e-03  -2.23358400064810e+02
  -1.02342920052439e-03  -2.04685840104878e+02
  -9.24967077468350e-04  -1.84993415493670e+02
  -8.21754056918597e-04  -1.64350811383719e+02
  -7.14161657331851e-04  -1.42832331466370e+02
  -6.02583164995349e-04  -1.20516632999070e+02
  -4.87432205557703e-04  -9.74864411115405e+01
  -3.69141217103598e-04  -7.38282434207195e+01
  -2.48159830382227e-04  -4.96319660764454e+01
  -1.24953162239110e-04  -2.49906324478219e+01
  -2.87183442387329e-11  -5.74366884774658e-06
   1.26208915304916e-04   2.52417830609832e+01
   2.53173102735318e-04   5.06346205470636e+01
   3.80384039546723e-04   7.60768079093447e+01
   5.07327340876429e-04   1.01465468175286e+02
   6.33484809773163e-04   1.26696961954633e+02
   7.58336550202668e-04   1.51667310040534e+02
   8.81363105703774e-04   1.76272621140755e+02
   1.00204761491194e-03   2.00409522982388e+02
   1.11987797502701e-03   2.23975595005401e+02
   1.23434900419912e-03   2.46869800839824e+02
   1.34496459374087e-03   2.68992918748174e+02
   1.45123984104651e-03   2.90247968209302e+02
   1.55270315410981e-03   3.10540630821962e+02
   1.64889831858192e-03   3.29779663716385e+02
   1.73938651839893e-03   3.47877303679787e+02
   1.82374830113572e-03   3.64749660227144e+02
   1.90158547940808e-03   3.80317095881616e+02
   1.97252295984822e-03   3.94504591969644e+02
   2.03621049141927e-03   4.01448419656771e+02
   2.09232432511125e-03   4.03692973004450e+02
   2.14056877737376e-03   4.05622751094950e+02
   2.18067768998741e-03   4.07227107599496e+02
   2.21241577945647e-03   4.08496631178259e+02
   2.23557986941734e-03   4.09423194776694e+02
   2.25000000000000e-03   4.10000000000000e+02
   2.25554040855045e-03   4.10221616342018e+02
   2.25210037662065e-03   4.09533609956059e+02
   2.23961493865492e-03   4.07036522362912e+02
   2.21805544834786e-03   4.02724624301499e+02
   2.18742999921532e-03   3.96599534474992e+02
   2.14778369650508e-03   3.88670273932943e+02
   2.09919877817473e-03   3.78953290266873e+02
   2.04179458327964e-03   3.67472451287855e+02
   1.97572736673943e-03   3.54259007979814e+02
   1.90118996008638e-03   3.39351526649203e+02
   1.81841127843981e-03   3.22795790319889e+02
   1.72765567459449e-03   3.04644669550825e+02
   1.62922214175601e-03   2.84957962983130e+02
   1.52344336709851e-03   2.63802208051630e+02
   1.41068463895836e-03   2.41250462423600e+02
   1.29134261110765e-03   2.17382056853457e+02
   1.16584392817181e-03   1.92282320266289e+02
   1.03464371686303e-03   1.66042278004534e+02
   8.98223948293336e-04   1.38758324290595e+02
   7.57091677204843e-04   1.10531870072896e+02
   6.11777164508529e-04   8.14689675336337e+01
   4.62831890052820e-04   5.16799126424919e+01
   3.10826463048606e-04   2.12788272416491e+01
   1.56348438054301e-04  -9.61677775721185e+00
   4.48724139832432e-11  -4.08864563935893e+01
  -1.57604158875726e-04  -7.24072971432173e+01
  -3.15839703348321e-04  -1.04054406037736e+02
  -4.74074680760077e-04  -1.35701401520088e+02
  -6.31672268534135e-04  -1.67220919074899e+02
  -7.87993291255802e-04  -1.98485123619232e+02
  -9.42398811124808e-04  -2.29366227593034e+02
  -1.09425273641493e-03  -2.59737012651058e+02
  -1.24292443730356e-03  -2.89471352828784e+02
  -1.38779135833160e-03  -3.18444737034393e+02
  -1.52824161669560e-03  -3.46534788707191e+02
  -1.66367657555977e-03  -3.73621780480026e+02
  -1.79351338160700e-03  -3.99174053526428e+02
  -1.91718745612337e-03  -3.99668749824494e+02
  -2.03415492903213e-03  -4.01366197161285e+02
  -2.14389500545828e-03  -4.05755800218331e+02
  -2.24591225461543e-03  -4.09836490184617e+02
  -2.33973881105973e-03  -4.13589552442389e+02
  -2.42493647865292e-03  -4.16997459146117e+02
  -2.50109872791451e-03  -4.20043949116581e+02
  -2.56785257782322e-03  -4.22714103112929e+02
  -2.62486035354577e-03  -4.24994414141831e+02
  -2.67182131202882e-03  -4.26872852481153e+02
  -2.70847312788210e-03  -4.28338925115284e+02
  -2.73459323250896e-03  -4.29383729300359e+02
  -2.75000000000000e-03  -4.30000000000000e+02
  -2.75455377389612e-03  -4.30182150955845e+02
  -2.74815772954549e-03  -4.28902942085719e+02
  -2.73075856742293e-03  -4.25423109661206e+02
  -2.70234703344732e-03  -4.19740802866084e+02
  -2.66295826302036e-03  -4.11863048780693e+02
  -2.61267194621524e-03  -4.01805785419668e+02
  -2.55161231226402e-03  -3.89593858629425e+02
  -2.47994793222525e-03  -3.75260982621671e+02
  -2.39789133945420e-03  -3.58849664067462e+02
  -2.30569846824600e-03  -3.40411089825820e+02
  -2.20366791177221e-03  -3.20004978531064e+02
  -2.09214000118188e-03  -2.97699396412996e+02
  -1.97149570848497e-03  -2.73570537873615e+02
  -1.84215537657725e-03  -2.47702471492070e+02
  -1.70457728049688e-03  -2.20186852275996e+02
  -1.55925602472186e-03  -1.91122601120993e+02
  -1.40672078202102e-03  -1.60615552580824e+02
  -1.24753338005561e-03  -1.28778072187743e+02
  -1.08228624259253e-03  -9.57286446951278e+01
  -9.11600192828436e-04  -6.15914347423081e+01
  -7.36122126936369e-04  -2.64958215638946e+01
  -5.56522566528254e-04   9.42409051772842e+00
  -3.73493099276475e-04   4.60299839680841e+01
  -1.87743717452201e-04   8.31798603329389e+01
  -6.46162718726138e-11   1.20728590900125e+02
   1.88999398863832e-04   1.58528483596146e+02
   3.78506300399842e-04   1.96429863903348e+02
   5.67765318447222e-04   2.34281667512824e+02
   7.56017192714828e-04   2.71932042366345e+02
   9.42501769324337e-04   3.09228957688246e+02
   1.12646106870924e-03   3.46020817565228e+02
   1.30714236387796e-03   3.82157076598970e+02
   1.48380125654942e-03   4.07134659734014e+02
   1.65570473860523e-03   4.07822273662237e+02
   1.82213422628788e-03   4.08487991612968e+02
   1.98238855461270e-03   4.09129008926267e+02
   2.13578691955065e-03   4.09742602386019e+02
   2.28167175567955e-03   4.11266870227182e+02
   2.41941153719411e-03   4.16776461487764e+02
   2.54840349040759e-03   4.21936139616304e+02
   2.66807620617162e-03   4.26723048246865e+02
   2.77789214098199e-03   4.31115685639280e+02
   2.87734999592916e-03   4.35093999837166e+02
   2.96598696308827e-03   4.38639478523531e+02
   3.04338082942588e-03   4.41735233177035e+02
   3.10915192882503e-03   4.44366077153001e+02
   3.16296493339756e-03   4.46518597335902e+02
   3.20453047585781e-03   4.48181219034313e+02
   3.23360659537518e-03   4.49344263815007e+02
   3.25000000000000e-03   4.50000000000000e+02
   3.25356713946719e-03   4.50142685578688e+02
   3.24421508292025e-03   4.48272274269299e+02
   3.22190219686359e-03   4.43809697057968e+02
   3.18663861943952e-03   4.36756981573154e+02
   3.13848652793471e-03   4.27126563272192e+02
   3.07756019724689e-03   4.14941297134626e+02
   3.00402584788177e-03   4.00234427261602e+02
   2.91810128290026e-03   3.83049514265302e+02
   2.82005531409249e-03   3.63440320503747e+02
   2.71020697851563e-03   3.41470653388376e+02
   2.58892454739283e-03   3.17214167163815e+02
   2.45662433022665e-03   2.90754123730579e+02
   2.31376927783077e-03   2.62183113251404e+02
   2.16086738882196e-03   2.31602735449642e+02
   1.99846992493960e-03   1.99123242673169e+02
   1.82716944136704e-03   1.64863145958658e+02
   1.64759763901599e-03   1.28948785488447e+02
   1.46042304649632e-03   9.15138669845133e+01
   1.26634854022942e-03   5.26989657311340e+01
   1.06610871186613e-03   1.26510000584745e+01
   8.60467092841222e-04  -2.84773237465063e+01
   6.50213246529896e-04  -7.05280930087715e+01
   4.36159739065831e-04  -1.13338794501584e+02
   2.19139000432815e-04  -1.56742942228188e+02
   8.79499276768072e-11  -2.00570724724765e+02
  -2.20394635269223e-04  -2.44649669368595e+02
  -4.41172893889873e-04  -2.88805321092725e+02
  -6.61455952608160e-04  -3.32861932836383e+02
  -8.80362113418508e-04  -3.76643164998452e+02
  -1.09701024397878e-03  -4.19972791110506e+02
  -1.31052332295597e-03  -4.24406029152084e+02
  -1.52003198809283e-03  -4.25244063812632e+02
  -1.72467807264952e-03  -4.26062648150858e+02
  -1.92361811584790e-03  -4.26858408323652e+02
  -2.11602683297595e-03  -4.27628043192164e+02
  -2.30110053089963e-03  -4.28368337983859e+02
  -2.47806045487744e-03  -4.29076177679770e+02
  -2.64615605277835e-03  -4.29748560071374e+02
  -2.80466814306787e-03  -4.32186725722715e+02
  -2.95291197324687e-03  -4.38116478929875e+02
  -3.09024015580431e-03  -4.43609606232172e+02
  -3.21604546917486e-03  -4.48641818766994e+02
  -3.32976351167693e-03  -4.53190540467077e+02
  -3.43087519694054e-03  -4.57235007877622e+02
  -3.51890907991924e-03  -4.60756363196770e+02
  -3.59344350321155e-03  -4.63737740128462e+02
  -3.65410855409364e-03  -4.66164342163746e+02
  -3.70058782338361e-03  -4.68023512935344e+02
  -3.73261995801599e-03  -4.69304798320639e+02
  -3.75000000000000e-03  -4.70000000000000e+02
  -3.75258050526367e-03  -4.70103220210547e+02
  -3.74027243674493e-03  -4.67641606506798e+02
  -3.71304582697692e-03  -4.62196284553196e+02
  -3.67093020632448e-03  -4.53773160422708e+02
  -3.61401479395837e-03  -4.42390077949487e+02
  -3.54244844960003e-03  -4.28076809077818e+02
  -3.45643938502798e-03  -4.10874996163408e+02
  -3.35625463530467e-03  -3.90838046218747e+02
  -3.24221929065428e-03  -3.68030977288668e+02
  -3.11471549089530e-03  -3.42530217336874e+02
  -2.97418118530168e-03  -3.14423356218148e+02
  -2.82110866172881e-03  -2.83808851503574e+02
  -2.65604284979343e-03  -2.50795689116498e+02
  -2.47957940383267e-03  -2.15502999924346e+02
  -2.29236257228652e-03  -1.78059633615117e+02
  -2.09508286104319e-03  -1.38603691366450e+02
  -1.88847449915673e-03  -9.72820189891578e+01
  -1.67331271618518e-03  -5.42496623948488e+01
  -1.45041084120403e-03  -9.66928739861827e+00
  -1.22061723431790e-03   3.62894339786075e+01
  -9.84812062223089e-04   8.34504683975695e+01
  -7.43903930057746e-04   1.31632094830638e+02
  -4.98826382416674e-04   1.80647604358852e+02
  -2.50534286996139e-04   2.30306023442959e+02
  -1.14873376954932e-10   2.80412857867512e+02
   2.51789868091891e-04   3.30770854460565e+02
   5.03839483818430e-04   3.81180777605873e+02
   7.55146583242902e-04   4.31442197490768e+02
   1.00470703064519e-03   4.41147245143400e+02
   1.25151871521910e-03   4.42134491881695e+02
   1.49458557386501e-03   4.43106759316279e+02
   1.73292160905956e-03   4.44060103457057e+02
   1.96555488560385e-03   4.44990636563234e+02
   2.19153149005960e-03   4.45894542981057e+02
   2.40991943675981e-03   4.46768094767858e+02
   2.61981250442060e-03   4.47607667038501e+02
   2.82033398758740e-03   4.48409752971169e+02
   3.01064034741978e-03   4.49170978410498e+02
   3.18992474665341e-03   4.49888116007433e+02
   3.35742045397614e-03   4.54296818159046e+02
   3.51240410351349e-03   4.60496164140540e+02
   3.65419879563832e-03   4.66167951825533e+02
   3.78217702589624e-03   4.71287081035850e+02
   3.89576342947132e-03   4.75830537178853e+02
   3.99443732930329e-03   4.79777493172132e+02
   4.07773507670533e-03   4.83109403068213e+02
   4.14525217411706e-03   4.85810086964683e+02
   4.19664517045948e-03   4.87865806818379e+02
   4.23163332043139e-03   4.89265332817256e+02
   4.25000000000000e-03   4.90000000000000e+02
   4.25159387128555e-03   4.90063754851422e+02
   4.23632979101952e-03   4.87010938798216e+02
   4.20418945776290e-03   4.80582872146891e+02
   4.15522179410217e-03   4.70789339414745e+02
   4.08954306109133e-03   4.57653592812578e+02
   4.00733670327465e-03   4.41212321249242e+02
   3.90885292370265e-03   4.21515565334841e+02
   3.79440798943847e-03   3.98626578482006e+02
   3.66438326913957e-03   3.72621634422226e+02
   3.51922400538500e-03   3.43589781671310e+02
   3.35943782549873e-03   3.11632545694058e+02
   3.18559299568833e-03   2.76863579731978e+02
   2.99831642437291e-03   2.39408265468894e+02
   2.79829142160935e-03   1.99403264916182e+02
   2.58625522253764e-03   1.56996025101839e+02
   2.36299628375030e-03   1.12344237344370e+02
   2.12935136244322e-03   6.56152530829553e+01
   1.88620238912220e-03   1.69854584187507e+01
   1.63447314551632e-03  -3.33603903024242e+01
   1.37512576018378e-03  -8.52298673689328e+01
   1.10915703508195e-03  -1.38423612389298e+02
   8.37594617111805e-04  -1.92736095983328e+02
   5.61493029328988e-04  -2.47956413539891e+02
   2.81929577142172e-04  -3.03869103977254e+02
   1.45386619706987e-10  -3.60254990328365e+02
  -2.83185097331861e-04  -4.16892038872061e+02
  -5.66506070185488e-04  -4.57358922470234e+02
  -8.48837210351424e-04  -4.58488247030898e+02
  -1.12905194439484e-03  -4.59609105967072e+02
  -1.40602718304536e-03  -4.60717006921674e+02
  -1.67864782143633e-03  -4.61807489475238e+02
  -1.94581122677815e-03  -4.62876143096605e+02
  -2.20643169541243e-03  -4.63918624971142e+02
  -2.45944486124035e-03  -4.64930677634454e+02
  -2.70381203763950e-03  -4.65908146340050e+02
  -2.93852447517557e-03  -4.66846996090194e+02
  -3.16260751768051e-03  -4.67743328260214e+02
  -3.37512463960381e-03  -4.68593396747907e+02
  -3.57518134795073e-03  -4.69393623581295e+02
  -3.76192893259537e-03  -4.70477157303815e+02
  -3.93456804929916e-03  -4.77382721971966e+02
  -4.09235212037239e-03  -4.83694084814896e+02
  -4.23459053858710e-03  -4.89383621543484e+02
  -4.36065166068061e-03  -4.94426066427224e+02
  -4.46996557757804e-03  -4.98798623103121e+02
  -4.56202664930635e-03  -5.02481065972254e+02
  -4.63639579346782e-03  -5.05455831738713e+02
  -4.69270251708543e-03  -5.07708100683417e+02
  -4.73064668262139e-03  -5.09225867304856e+02
  -4.75000000000000e-03  -5.10000000000000e+02
  -4.75060723753284e-03  -5.10024289501314e+02
  -4.73238714574404e-03  -5.06380271143554e+02
  -4.69533308922154e-03  -4.98969459839054e+02
  -4.63951338277261e-03  -4.87805518549267e+02
  -4.56507132933360e-03  -4.72917107861466e+02
  -4.47222495827078e-03  -4.54347833648901e+02
  -4.36126646390578e-03  -4.32156134775901e+02
  -4.23256134530167e-03  -4.06415111055080e+02
  -4.08654724954838e-03  -3.77212291904421e+02
  -3.92373252198472e-03  -3.44649346391690e+02
  -3.74469446798402e-03  -3.08841735591549e+02
  -3.55007733210525e-03  -2.69918308415796e+02
  -3.34059000156926e-03  -2.28020842308597e+02
  -3.11700344215202e-03  -1.83303530425150e+02
  -2.88014787569297e-03  -1.35932417133339e+02
  -2.63090970948837e-03  -8.60847838924186e+01
  -2.37022822887547e-03  -3.39484877698402e+01
  -2.09909206530734e-03   2.02787449437858e+01
  -1.81853545316634e-03   7.63900673719874e+01
  -1.52963428946376e-03   1.34170300112503e+02
  -1.23350201141785e-03   1.93396755721685e+02
  -9.31285307692072e-04   2.53840096466840e+02
  -6.24159679802803e-04   3.15265222044694e+02
  -3.13324870870916e-04   3.77432183831071e+02
  -1.79489655932973e-10   4.40097122107323e+02
   3.14580322989121e-04   4.74315700658236e+02
   6.29172652991059e-04   4.75574069978244e+02
   9.42527833933738e-04   4.76827490702015e+02
   1.25339685466748e-03   4.78070966784950e+02
   1.56053564745751e-03   4.79299521956110e+02
   1.86271006566994e-03   4.80508219628960e+02
   2.15870084124860e-03   4.81692182731274e+02
   2.44730850207525e-03   4.82846613374581e+02
   2.72735822939012e-03   4.83966812283840e+02
   2.99770463561496e-03   4.85048197908740e+02
   3.25723644316456e-03   4.86086325138938e+02
   3.50488104515677e-03   4.87076903546907e+02
   3.73960892933046e-03   4.88015815083602e+02
   3.96043794695983e-03   4.88899131154119e+02
   4.16643740910459e-03   4.89723129002698e+02
   4.35673199316133e-03   4.94269279726453e+02
   4.53050544337707e-03   5.01220217735083e+02
   4.68700404974950e-03   5.07480161989980e+02
   4.82553989056840e-03   5.13021595622736e+02
   4.94549382474347e-03   5.17819752989739e+02
   5.04631822101463e-03   5.21852728840585e+02
   5.12753941214592e-03   5.25101576485837e+02
   5.18875986326146e-03   5.27550394530459e+02
   5.22966004458598e-03   5.29186401783439e+02
   5.25000000000000e-03   5.30000000000000e+02
   5.24962060400553e-03   5.29924120801108e+02
   5.22844450091848e-03   5.25688900183696e+02
   5.18647672135285e-03   5.17295344270570e+02
   5.12380497233580e-03   5.04760994467160e+02
   5.04059959868518e-03   4.88119919737037e+02
   4.93711321458838e-03   4.67422642917677e+02
   4.81368000563736e-03   4.42736001127472e+02
   4.67071470289426e-03   4.14142940578852e+02
   4.50871123188068e-03   3.81742246376137e+02
   4.32824104069448e-03   3.45648208138897e+02
   4.12995111275753e-03   3.05990222551507e+02
   3.91456167097957e-03   2.62912334195914e+02
   3.68286358138246e-03   2.16572716276493e+02
   3.43571546546069e-03   1.67143093092138e+02
   3.17404053175250e-03   1.14808106350501e+02
   2.89882313825740e-03   5.97646276514801e+01
   2.61110509845349e-03   2.22101969069816e+00
   2.31198174474063e-03  -5.76036510518730e+01
   2.00259776415405e-03  -1.19480447169189e+02
   1.68414282215783e-03  -1.83171435568433e+02
   1.35784699123075e-03  -2.48430601753849e+02
   1.02497600179855e-03  -3.15004799640290e+02
   6.86826333838086e-04  -3.82634733232382e+02
   3.44720168182350e-04  -4.51055966363530e+02
   2.17182466092964e-10  -4.91021859682452e+02
  -3.45975545063691e-04  -4.92405762731437e+02
  -6.91839232235124e-04  -4.93789217480123e+02
  -1.03621845398982e-03  -4.95166734367142e+02
  -1.37774176146309e-03  -4.96532827597035e+02
  -1.71504410845555e-03  -4.97882036985005e+02
  -2.04677230656585e-03  -4.99208949777446e+02
  -2.37159045247090e-03  -5.00508222361066e+02
  -2.68818530559230e-03  -5.01774601773552e+02
  -2.99527159450894e-03  -5.03002946929218e+02
  -3.29159723068622e-03  -5.04188249473927e+02
  -3.57594840838756e-03  -5.05325654184733e+02
  -3.84715457001618e-03  -5.06410478831247e+02
  -4.10409321659973e-03  -5.07438233417581e+02
  -4.34569454368070e-03  -5.08404638725905e+02
  -4.57094588350376e-03  -5.09305644085197e+02
  -4.77889593509999e-03  -5.11155837404000e+02
  -4.96865876465235e-03  -5.18746350586094e+02
  -5.13941755938344e-03  -5.25576702375338e+02
  -5.29042811913470e-03  -5.31617124765388e+02
  -5.42102207079959e-03  -5.36840882831984e+02
  -5.53060979183017e-03  -5.41224391673207e+02
  -5.61868303015136e-03  -5.44747321206054e+02
  -5.68481720898757e-03  -5.47392688359503e+02
  -5.72867340632517e-03  -5.49146936253007e+02
  -5.74999999999999e-03  -5.50000000000000e+02
  -5.74863397070363e-03  -5.49726794140727e+02
  -5.72450185654284e-03  -5.44900371308569e+02
  -5.67762035415681e-03  -5.35524070831363e+02
  -5.60809656279173e-03  -5.21619312558347e+02
  -5.51612786914607e-03  -5.03225573829214e+02
  -5.40200147222749e-03  -4.80400294445499e+02
  -5.26609354889741e-03  -4.53218709779482e+02
  -5.10886806221625e-03  -4.21773612443250e+02
  -4.93087521613650e-03  -3.86175043227301e+02
  -4.73274956151424e-03  -3.46549912302849e+02
  -4.51520775981926e-03  -3.03041551963853e+02
  -4.27904601231125e-03  -2.55809202462252e+02
  -4.02513716381250e-03  -2.05027432762501e+02
  -3.75442749153533e-03  -1.50885498307066e+02
  -3.46793319071624e-03  -9.35866381432487e+01
  -3.16673657005739e-03  -3.33473140114798e+01
  -2.85198197117726e-03   2.96036057645466e+01
  -2.52487142742206e-03   9.50257145155864e+01
  -2.18666007847948e-03   1.62667984304103e+02
  -1.83865135826600e-03   2.32269728346799e+02
  -1.48219197452067e-03   3.03561605095865e+02
  -1.11866669943123e-03   3.76266660113753e+02
  -7.49492991434872e-04   4.50101401713025e+02
  -3.76115469076511e-04   5.07495538123694e+02
  -2.58465087490455e-10   5.08999998966140e+02
   3.77370763555533e-04   5.10509483054222e+02
   7.54505807917762e-04   5.12018023231671e+02
   1.12990907051976e-03   5.13519636282079e+02
   1.50208666478174e-03   5.15008346659127e+02
   1.86955256603950e-03   5.16478210264158e+02
   2.23083454412406e-03   5.17923338176496e+02
   2.58448006044507e-03   5.19337920241780e+02
   2.92906210596360e-03   5.20716248423854e+02
   3.26318495659679e-03   5.22052739826387e+02
   3.58548982285327e-03   5.23341959291413e+02
   3.89466037084459e-03   5.24578641483378e+02
   4.18942809225874e-03   5.25757712369035e+02
   4.46857750141162e-03   5.26874310005646e+02
   4.73095113811339e-03   5.27923804552453e+02
   4.97545435579291e-03   5.28901817423172e+02
   5.20105987511514e-03   5.29804239500460e+02
   5.40681208419823e-03   5.36272483367929e+02
   5.59183106748892e-03   5.43673242699557e+02
   5.75531634637952e-03   5.50212653855181e+02
   5.89655031574643e-03   5.55862012629857e+02
   6.01490136175297e-03   5.60596054470119e+02
   6.10982664748415e-03   5.64393065899366e+02
   6.18087455426376e-03   5.67234982170550e+02
   6.22768676783895e-03   5.69107470713558e+02
   6.24999999999999e-03   5.70000000000000e+02
   6.24764733762713e-03   5.69529467525428e+02
   6.22055921261712e-03   5.64111842523424e+02
   6.16876398763344e-03   5.53752797526688e+02
   6.09238815414041e-03   5.38477630828082e+02
   5.99165614071626e-03   5.18331228143252e+02
   5.86688973118808e-03   4.93377946237617e+02
   5.71850709368591e-03   4.63701418737184e+02
   5.54702142326763e-03   4.29404284653528e+02
   5.35303920231583e-03   3.90607840463166e+02
   5.13725808444405e-03   3.47451616888810e+02
   4.90046440916918e-03   3.00092881833836e+02
   4.64353035610029e-03   2.48706071220059e+02
   4.36741074885935e-03   1.93482149771871e+02
   4.07313952037591e-03   1.34627904075183e+02
   3.76182585258418e-03   7.23651705168370e+01
   3.43465000488835e-03   6.93000097767130e+00
   3.09285884704680e-03  -6.14282305906399e+01
   2.73776111335164e-03  -1.32447777329672e+02
   2.37072239614261e-03  -2.05855520771478e+02
   1.99315989778827e-03  -2.81368020442346e+02
   1.60653696128760e-03  -3.58692607742479e+02
   1.21235740059012e-03  -4.37528519881974e+02
   8.12159652593146e-04  -5.17568069481370e+02
   4.07510773553382e-04  -5.25369956905786e+02
   3.03337502361877e-10  -5.26999998786650e+02
  -4.08765978464665e-04  -5.28635063913858e+02
  -8.17172380038875e-04  -5.30268689520155e+02
  -1.22359968352345e-03  -5.31894398734094e+02
  -1.62643156462334e-03  -5.33505726258493e+02
  -2.02406102020940e-03  -5.35096244080837e+02
  -2.41489677834455e-03  -5.36659587113378e+02
  -2.79736966517108e-03  -5.38189478660684e+02
  -3.16993890318914e-03  -5.39679755612756e+02
  -3.53109831565368e-03  -5.41124393262614e+02
  -3.87938241211612e-03  -5.42517529648464e+02
  -4.21337233053562e-03  -5.43853489322142e+02
  -4.53170161188446e-03  -5.45126806447538e+02
  -4.83306178376612e-03  -5.46332247135064e+02
  -5.11620773025783e-03  -5.47464830921031e+02
  -5.37996282597203e-03  -5.48519851303888e+02
  -5.62322381320678e-03  -5.49492895252827e+02
  -5.84496540201472e-03  -5.53798616080589e+02
  -6.04424457406594e-03  -5.61769782962637e+02
  -6.22020457230285e-03  -5.68808182892114e+02
  -6.37207855958394e-03  -5.74883142383358e+02
  -6.49919293078301e-03  -5.79967717231320e+02
  -6.60097026414427e-03  -5.84038810565771e+02
  -6.67693189909003e-03  -5.87077275963601e+02
  -6.72670012912733e-03  -5.89068005165093e+02
  -6.74999999999999e-03  -5.90000000000000e+02
  -6.74666070477604e-03  -5.89332140955210e+02
  -6.71661656914132e-03  -5.83323313828265e+02
  -6.65990762178272e-03  -5.71981524356546e+02
  -6.57667974638183e-03  -5.55335949276367e+02
  -6.46718441339576e-03  -5.33436882679153e+02
  -6.33177799147017e-03  -5.06355598294035e+02
  -6.17092064000288e-03  -4.74184128000577e+02
  -5.98517478604842e-03  -4.37034957209685e+02
  -5.77520319041866e-03  -3.95040638083733e+02
  -5.54176660948388e-03  -3.48353321896778e+02
  -5.28572106080734e-03  -2.97144212161470e+02
  -5.00801470234674e-03  -2.41602940469349e+02
  -4.70968433652308e-03  -1.81936867304617e+02
  -4.39185155198251e-03  -1.18370310396504e+02
  -4.05571851735633e-03  -5.11437034712667e+01
  -3.70256344275027e-03   1.94873114499439e+01
  -3.33373572606209e-03   9.32528547875806e+01
  -2.95065080252935e-03   1.69869839494128e+02
  -2.55478471714344e-03   2.49043056571310e+02
  -2.14766844072463e-03   3.30466311855073e+02
  -1.73088195153155e-03   4.13823609693689e+02
  -1.30604810527522e-03   4.98790378944954e+02
  -8.74826317312906e-04   5.41500694730748e+02
  -4.38906081612963e-04   5.43244375673548e+02
  -3.51799710707229e-10   5.44999998592801e+02
   4.40161189791088e-04   5.46760644759164e+02
   8.79838948598500e-04   5.48519355794394e+02
   1.31729029300093e-03   5.50269161172003e+02
   1.75077646098793e-03   5.52003105843951e+02
   2.17856947096517e-03   5.53714277883860e+02
   2.59895900922734e-03   5.55395836036909e+02
   3.01025926664896e-03   5.57041037066596e+02
   3.41081569726892e-03   5.58643262789075e+02
   3.79901167167961e-03   5.60196046686718e+02
   4.17327499847476e-03   5.61693099993899e+02
   4.53208428746068e-03   5.63128337149842e+02
   4.87397512889333e-03   5.64495900515573e+02
   5.19754606366324e-03   5.65790184254653e+02
   5.50146432011405e-03   5.67005857280456e+02
   5.78447129404113e-03   5.68137885176164e+02
   6.04538774937492e-03   5.69181550997499e+02
   6.28311871810180e-03   5.71324748724072e+02
   6.49665807911449e-03   5.79866323164580e+02
   6.68509279690467e-03   5.87403711876187e+02
   6.84760680231215e-03   5.93904272092486e+02
   6.98348449892031e-03   5.99339379956812e+02
   7.09211388013173e-03   6.00368455520527e+02
   7.17298924346638e-03   6.00691956973866e+02
   7.22571349019030e-03   6.00902853960761e+02
   7.24999999999999e-03   6.01000000000000e+02
   7.24567407215035e-03   6.00134814430073e+02
   7.21267392611544e-03   5.93534785223089e+02
   7.15105125660466e-03   5.81210251320935e+02
   7.06097133951600e-03   5.63194267903201e+02
   6.94271268718456e-03   5.39542537436914e+02
   6.79666625307374e-03   5.10333250614751e+02
   6.62333418784831e-03   4.75666837569663e+02
   6.42332815055860e-03   4.35665630111721e+02
   6.19736718044500e-03   3.90473436089002e+02
   5.94627513663374e-03   3.40255027326750e+02
   5.67097771473373e-03   2.85195542946747e+02
   5.37249905105057e-03   2.25499810210116e+02
   5.05195792680365e-03   1.61391585360733e+02
   4.71056358635510e-03   9.31127172710211e+01
   4.34961118503268e-03   2.09222370065369e+01
   3.97047688364316e-03  -5.49046232713668e+01
   3.57461260822314e-03  -1.34077478355369e+02
   3.16354049495521e-03  -2.16291901008956e+02
   2.73884704148198e-03  -3.01230591703601e+02
   2.30217698707509e-03  -3.88564602584980e+02
   1.85522694525251e-03  -4.77954610949497e+02
   1.39973881348653e-03  -5.57401044746054e+02
   9.37492985594154e-04  -5.59250028057623e+02
   4.70301393255254e-04  -5.61118794426979e+02
   4.03851712526512e-10  -5.62999998384593e+02
  -4.71556397534800e-04  -5.64886225590139e+02
  -9.42505513596638e-04  -5.66770022054386e+02
  -1.41098089895221e-03  -5.68643923595808e+02
  -1.87512135387551e-03  -5.70500485415502e+02
  -2.33307791830684e-03  -5.72332311673227e+02
  -2.78302123677243e-03  -5.74132084947089e+02
  -3.22314886487870e-03  -5.75892595459514e+02
  -3.65169248820293e-03  -5.77606769952811e+02
  -4.06692502467457e-03  -5.79267700098698e+02
  -4.46716758192920e-03  -5.80868670327716e+02
  -4.85079624161975e-03  -5.82403184966479e+02
  -5.21624864328535e-03  -5.83864994573141e+02
  -5.56203034110298e-03  -5.85248121364412e+02
  -5.88672090768204e-03  -5.86546883630728e+02
  -6.18897976000019e-03  -5.87755919040000e+02
  -6.46755168361954e-03  -5.88870206734478e+02
  -6.72127203245950e-03  -5.89885088129838e+02
  -6.94907158263459e-03  -5.97962863305384e+02
  -7.14998102018501e-03  -6.00599924080740e+02
  -7.32313504393105e-03  -6.01292540175724e+02
  -7.46777606616487e-03  -6.01871104264659e+02
  -7.58325749544653e-03  -6.02333029981786e+02
  -7.66904658739281e-03  -6.02676186349571e+02
  -7.72472685102787e-03  -6.02898907404111e+02
  -7.74999999999999e-03  -6.03000000000000e+02
  -7.74468743975007e-03  -6.01937487950016e+02
  -7.70873128353948e-03  -5.94746256707897e+02
  -7.64219489209927e-03  -5.81438978419856e+02
  -7.54526293354291e-03  -5.62052586708584e+02
  -7.41824096208267e-03  -5.36648192416537e+02
  -7.26155451599881e-03  -5.05310903199765e+02
  -7.07574773722219e-03  -4.68149547444441e+02
  -6.86148151679817e-03  -4.25296303359636e+02
  -6.61953117239485e-03  -3.76906234478972e+02
  -6.35078366589363e-03  -3.23156733178729e+02
  -6.05623437094833e-03  -2.64246874189669e+02
  -5.73698340221179e-03  -2.00396680442359e+02
  -5.39423151970108e-03  -1.31846303940218e+02
  -5.02927562349362e-03  -5.88551246987264e+01
  -4.64350385561318e-03   1.82992288773609e+01
  -4.23839032756700e-03   9.93219344865969e+01
  -3.81548949352996e-03   1.83902101294006e+02
  -3.37643019062916e-03   2.71713961874166e+02
  -2.92290936915823e-03   3.62418126168352e+02
  -2.45668553683964e-03   4.55662892632069e+02
  -1.97957194245048e-03   5.51085611509902e+02
  -1.49342952522405e-03   5.66026281899104e+02
  -1.00015965743689e-03   5.67999361370253e+02
  -5.01696708480255e-04   5.69993213166079e+02
  -4.59493507819726e-10   5.71999998162026e+02
   5.02951601695803e-04   5.74011806406783e+02
   1.00517207503323e-03   5.76020688300133e+02
   1.50467150137721e-03   5.78018686005509e+02
   1.99946624328612e-03   5.79997864973145e+02
   2.48758636223446e-03   5.81950345448938e+02
   2.96708346097986e-03   5.83868333843920e+02
   3.43603845986034e-03   5.85744153839441e+02
   3.89256927599124e-03   5.87570277103965e+02
   4.33483837463862e-03   5.89339353498555e+02
   4.76106016247939e-03   5.91044240649918e+02
   5.16950819301279e-03   5.92678032772051e+02
   5.55852215506057e-03   5.94234088620242e+02
   5.92651461608537e-03   5.95706058464342e+02
   6.27197749296182e-03   5.97087909971847e+02
   6.59348822384923e-03   5.98373952895397e+02
   6.88971561594066e-03   5.99558862463763e+02
   7.15942534508779e-03   6.00637701380351e+02
   7.40148508462623e-03   6.01605940338505e+02
   7.61486924214384e-03   6.02459476968575e+02
   7.79866328444062e-03   6.03194653137762e+02
   7.95206763251669e-03   6.03808270530067e+02
   8.07440111008868e-03   6.04297604440355e+02
   8.16510393086932e-03   6.04660415723477e+02
   8.22374021164003e-03   6.04894960846560e+02
   8.24999999999999e-03   6.05000000000000e+02
   8.24370080757519e-03   6.03740161515040e+02
   8.20478864141343e-03   5.95957728282689e+02
   8.13333852826653e-03   5.81667705653309e+02
   8.02955452846255e-03   5.60910905692513e+02
   7.89376923809008e-03   5.33753847618018e+02
   7.72644278024537e-03   5.00288556049077e+02
   7.52816128812454e-03   4.60632257624910e+02
   7.29963488476714e-03   4.14926976953431e+02
   7.04169516626821e-03   3.63339033253644e+02
   6.75529219726358e-03   3.06058439452719e+02
   6.44149102945119e-03   2.43298205890241e+02
   6.10146775583034e-03   1.75293551166071e+02
   5.73650511521530e-03   1.02301023043063e+02
   5.34798766339817e-03   2.45975326796363e+01
   4.93739652909794e-03  -5.75206941804098e+01
   4.50630377452176e-03  -1.43739245095645e+02
   4.05636638198248e-03  -2.33726723603502e+02
   3.58931988955130e-03  -3.27136022089738e+02
   3.10697170017218e-03  -4.23605659965561e+02
   2.61119409001830e-03  -5.22761181996338e+02
   2.10391694312541e-03  -5.63584332227498e+02
   1.58712024048772e-03  -5.65651519038049e+02
   1.06282633284111e-03  -5.67748694668636e+02
   5.33092027287965e-04  -5.69867631890848e+02
   5.18725096586871e-10  -5.71999997925100e+02
  -5.34346802274096e-04  -5.74137387209096e+02
  -1.06783863290839e-03  -5.76271354531634e+02
  -1.59836210027607e-03  -5.78393448401104e+02
  -2.12381112921967e-03  -5.80495244516879e+02
  -2.64209480274794e-03  -5.82568379210992e+02
  -3.15114568184954e-03  -5.84604582727398e+02
  -3.64892805159380e-03  -5.86595712206375e+02
  -4.13344606063374e-03  -5.88533784242535e+02
  -4.60275172157166e-03  -5.90411006886287e+02
  -5.05495274012547e-03  -5.92219810960502e+02
  -5.48822014163994e-03  -5.93952880566560e+02
  -5.90079566421890e-03  -5.95603182656876e+02
  -6.29099888861034e-03  -5.97163995554441e+02
  -6.65723407595338e-03  -5.98628936303814e+02
  -6.99799668558824e-03  -5.99991986742353e+02
  -7.31187954633827e-03  -6.01247518185353e+02
  -7.59757865598669e-03  -6.02390314623947e+02
  -7.85389858508941e-03  -6.03415594340358e+02
  -8.07975746278119e-03  -6.04319029851125e+02
  -8.27419152384094e-03  -6.05096766095364e+02
  -8.43635919797575e-03  -6.05745436791903e+02
  -8.56554472405816e-03  -6.06262178896233e+02
  -8.66116127389591e-03  -6.06644645095584e+02
  -8.72275357202679e-03  -6.06891014288107e+02
  -8.74999999999998e-03  -6.07000000000000e+02
  -8.74271417562571e-03  -6.05542835125146e+02
  -8.70084599973731e-03  -5.97169199947466e+02
  -8.62448216510646e-03  -5.81896433021295e+02
  -8.51384612427495e-03  -5.59769224854994e+02
  -8.36929751520680e-03  -5.30859503041364e+02
  -8.19133104581342e-03  -4.95266209162687e+02
  -7.98057484055534e-03  -4.53114968111072e+02
  -7.73778825446551e-03  -4.04557650893105e+02
  -7.46385916206507e-03  -3.49771832413017e+02
  -7.15980073074353e-03  -2.88960146148709e+02
  -6.82674769024224e-03  -2.22349538048452e+02
  -6.46595211190632e-03  -1.50190422381267e+02
  -6.07877871334642e-03  -7.27557426692866e+01
  -5.66669970606870e-03   9.66005878625695e+00
  -5.23128920548689e-03   9.67421589026179e+01
  -4.77421722450753e-03   1.88156555098490e+02
  -4.29724327358081e-03   2.83551345283835e+02
  -3.80220959172158e-03   3.82558081655682e+02
  -3.29103403452384e-03   4.84793193095229e+02
  -2.76570264661099e-03   5.60937189413556e+02
  -2.22826194727740e-03   5.63086952210890e+02
  -1.68081095927765e-03   5.65276756162889e+02
  -1.12549301180682e-03   5.67498027952773e+02
  -5.64487349678385e-04   5.69742050601286e+02
  -5.81546478827947e-10   5.71999997673814e+02
   5.65741999269679e-04   5.74262967997079e+02
   1.13050518722207e-03   5.76522020748888e+02
   1.69205269564871e-03   5.78768210782595e+02
   2.24815601167621e-03   5.80992624046705e+02
   2.79660323984732e-03   5.83186412959389e+02
   3.33520789938151e-03   5.85340831597526e+02
   3.86181764007911e-03   5.87447270560316e+02
   4.37432284213048e-03   5.89497291368522e+02
   4.87066506547374e-03   5.91482660261895e+02
   5.34884531486730e-03   5.93395381259469e+02
   5.80693208750106e-03   5.95227728350004e+02
   6.24306917076039e-03   5.96972276683042e+02
   6.65548315867793e-03   5.98621932634712e+02
   7.04249065665671e-03   6.00169962626627e+02
   7.40250514521722e-03   6.01610020580869e+02
   7.73404347481237e-03   6.02936173899249e+02
   8.03573196515619e-03   6.04142927860625e+02
   8.30631208402412e-03   6.05225248336096e+02
   8.54464568209705e-03   6.06178582728388e+02
   8.74971976213192e-03   6.06998879048528e+02
   8.92065076254207e-03   6.07682603050168e+02
   9.05668833735498e-03   6.08226753349420e+02
   9.15721861647257e-03   6.08628874465890e+02
   9.22176693218814e-03   6.08887067728753e+02
   9.24999999999998e-03   6.09000000000000e+02
   9.24172754390164e-03   6.07345508780333e+02
   9.19690335851111e-03   5.98380671702227e+02
   9.11562580261904e-03   5.82125160523813e+02
   8.99813772098010e-03   5.58627544196024e+02
   8.84482579343283e-03   5.27965158686571e+02
   8.65621931270296e-03   4.90243862540596e+02
   8.43298839451461e-03   4.45597678902926e+02
   8.17594162589327e-03   3.94188325178658e+02
   7.88602315978544e-03   3.36204631957092e+02
   7.56430926633350e-03   2.71861853266704e+02
   7.21200435332151e-03   2.01400870664306e+02
   6.83043647043968e-03   1.25087294087939e+02
   6.42105231409438e-03   4.32104628188792e+01
   5.98541175150521e-03  -4.39176496989532e+01
   5.52518188478006e-03  -1.35963623043985e+02
   5.04213067752426e-03  -2.32573864495143e+02
   4.53812016832490e-03  -3.33375966335016e+02
   4.01509929714000e-03  -4.37980140571996e+02
   3.47509637221320e-03  -5.45980725557356e+02
   2.92021120661783e-03  -5.60319155173529e+02
   2.35260695490641e-03  -5.62589572180374e+02
   1.77450168159379e-03  -5.64901993273625e+02
   1.18815969433401e-03  -5.67247361222664e+02
   5.95882675651515e-04  -5.69616469297394e+02
   6.47957654542953e-10  -5.71999997408169e+02
  -5.97137192682552e-04  -5.74388548770730e+02
  -1.19317173797426e-03  -5.76772686951897e+02
  -1.78574328749515e-03  -5.79142973149981e+02
  -2.37250089065573e-03  -5.81490003562623e+02
  -2.95111167353261e-03  -5.83804446694131e+02
  -3.51927011357578e-03  -5.86077080454303e+02
  -4.07470722531628e-03  -5.88298828901265e+02
  -4.61519962048146e-03  -5.90460798481926e+02
  -5.13857840634485e-03  -5.92554313625379e+02
  -5.64273788670493e-03  -5.94570951546820e+02
  -6.12564403059619e-03  -5.96502576122385e+02
  -6.58534267468502e-03  -5.98341370698740e+02
  -7.01996742628814e-03  -6.00079869705153e+02
  -7.42774723507183e-03  -6.01710988940287e+02
  -7.80701360273618e-03  -6.03228054410945e+02
  -8.15620740136297e-03  -6.04624829605452e+02
  -8.47388527259630e-03  -6.05895541090385e+02
  -8.75872558143038e-03  -6.07034902325722e+02
  -9.00953390009142e-03  -6.08038135600366e+02
  -9.22524799931359e-03  -6.08900991997254e+02
  -9.40494232621564e-03  -6.09619769304863e+02
  -9.54783194997913e-03  -6.10191327799917e+02
  -9.65327595859932e-03  -6.10613103834397e+02
  -9.72078029212409e-03  -6.10883121168496e+02
  -9.74999999999998e-03  -6.11000000000000e+02
  -9.74074091240298e-03  -6.09148182480601e+02
  -9.69296071773483e-03  -5.99592143546971e+02
  -9.60676944080429e-03  -5.82353888160862e+02
  -9.48242931857799e-03  -5.57485863715603e+02
  -9.32035407276817e-03  -5.25070814553640e+02
  -9.12110758091399e-03  -4.85221516182803e+02
  -8.88540195000233e-03  -4.38080390000471e+02
  -8.61409499905043e-03  -3.83818999810090e+02
  -8.30818715942932e-03  -3.22637431885868e+02
  -7.96881780403350e-03  -2.54763560806705e+02
  -7.59726101868900e-03  -1.80452203737804e+02
  -7.19492083143042e-03  -9.99841662860886e+01
  -6.76332591745918e-03  -1.36651834918412e+01
  -6.30412379970771e-03   7.81752400584530e+01
  -5.81907456697742e-03   1.75185086604511e+02
  -5.31004413357196e-03   2.76991173285604e+02
  -4.77899706621475e-03   3.83200586757046e+02
  -4.22798900580656e-03   4.93402198838683e+02
  -3.65915871324027e-03   5.57363365147039e+02
  -3.07471977003876e-03   5.59701120919845e+02
  -2.47695196601244e-03   5.62092192135950e+02
  -1.86819240743613e-03   5.64527230370256e+02
  -1.25082638042269e-03   5.66996694478309e+02
  -6.27278005207355e-04   5.69490887979171e+02
  -7.17958623731890e-10   5.71999997128166e+02
