0.077273
0.086150
0.054641
0.065173
0.058809
0.080614
0.095498
0.105101
0.127322
0.106499
0.100846
0.121798
0.123733
0.090635
0.107643
0.106513
0.160074
0.145082
0.125829
0.136295
0.101552
0.081020
0.115458
0.076867
0.006519
0.040684
0.050136
0.028303
0.049950
0.071488
0.088218
0.077766
0.091082
0.147069
0.135118
0.130032
0.154085
0.119923
0.091029
0.088979
0.081979
0.108402
0.060186
0.064450
0.048007
0.068870
0.110246
0.096243
0.144976
0.176463
0.207555
0.180311
0.158147
0.116489
0.167787
0.093154
0.027408
0.027578
0.036311
-0.000400
-0.040619
0.013280
0.035886
0.050931
0.012083
0.029928
0.008993
-0.039249
-0.001402
0.048496
0.036811
0.016813
0.050430
0.025835
0.047952
0.044013
0.120656
0.099417
0.089304
0.108111
0.151618
0.181851
0.182203
0.106299
0.074216
0.075687
0.023825
0.006817
0.006059
-0.011508
-0.000718
-0.013437
0.010932
0.064163
0.020738
-0.017731
-0.026227
-0.038582
-0.005421
-0.019603
-0.009319
-0.002975
-0.037124
-0.034486
-0.014722
-0.060305
-0.073147
-0.076550
-0.064723
-0.023898
-0.063176
-0.054456
-0.027030
-0.056846
-0.067127
-0.010668
-0.014397
-0.034346
-0.039620
-0.033058
-0.000403
0.096155
0.114502
0.119161
0.101379
0.143145
0.135928
0.113434
0.124949
0.098395
0.095516
0.166932
0.219886
0.218333
0.223489
0.249235
0.250417
0.231375
0.238226
0.236134
0.181582
0.169424
0.124123
0.115843
0.066711
0.039817
-0.025077
-0.004024
0.015503
-0.003097
0.028173
0.032311
0.067946
0.039895
0.005320
-0.052852
-0.061970
-0.027573
-0.021524
0.005297
0.067043
0.064845
0.084894
0.101998
0.084243
0.058659
0.015084
0.022508
0.007845
0.020054
0.020081
0.006214
-0.019509
-0.033180
-0.024791
0.008512
-0.008019
0.047503
0.076564
0.048284
0.069581
0.062260
0.064977
0.043616
0.077277
0.118216
0.097696
0.033784
0.009025
0.025557
0.020763
0.041580
0.022172
0.027212
0.079738
0.081465
0.119489
0.134939
0.128563
0.127479
0.112233
0.108414
0.090659
0.032338
-0.003013
0.016990
-0.003647
-0.015437
-0.040246
-0.032387
-0.086467
-0.128668
-0.153120
-0.144796
-0.126367
-0.060471
-0.111835
-0.117445
-0.075660
-0.046650
-0.039261
-0.033169
0.010245
0.015143
-0.049227
-0.012740
0.011094
-0.017011
-0.009385
-0.014709
0.004377
0.024675
0.089641
0.103455
0.093388
0.094345
0.140642
0.109146
0.124638
0.159602
0.164871
0.123511
0.108598
0.074929
0.037519
0.053446
0.066181
0.012845
-0.009928
-0.026536
-0.036616
-0.022507
-0.013447
0.060783
0.101117
0.121040
0.154297
0.148504
0.200496
0.185102
0.203993
0.207536
0.198196
0.208567
0.197080
0.183715
0.169200
0.196872
0.159292
0.162727
0.191539
0.193929
0.190261
0.206487
0.195007
0.173359
0.161612
0.115010
0.059885
0.043597
0.045659
0.024512
0.019098
-0.026301
-0.121978
-0.159177
-0.078742
-0.069985
-0.082645
-0.062157
0.016304
0.053133
0.053733
0.100697
0.082171
0.157816
0.131128
0.071508
0.056258
0.038072
-0.013975
-0.056877
-0.128262
-0.130852
-0.142738
-0.159697
-0.187357
-0.196260
-0.201525
-0.197814
-0.195834
-0.196895
-0.224593
-0.180183
-0.179088
-0.244017
-0.210050
-0.170235
-0.165502
-0.178765
-0.145843
-0.145140
-0.100463
-0.141788
-0.188487
-0.175137
-0.158205
-0.130605
-0.109759
-0.066354
-0.082654
-0.101826
-0.029395
-0.015232
-0.021359
-0.021588
-0.017847
-0.010394
-0.042740
-0.047177
-0.113310
-0.133065
-0.048800
-0.003304
0.023015
-0.019273
-0.061162
-0.082457
-0.082277
-0.108033
-0.143604
-0.114399
-0.112299
-0.103494
-0.067113
0.002587
0.076047
0.075071
0.101661
0.142070
0.166002
0.145149
0.148514
0.071090
0.099156
0.190657
0.198519
0.241444
0.277899
0.248078
0.211558
0.204130
0.206452
0.166156
0.193641
0.180099
0.195580
0.200212
0.203713
0.227227
0.182175
0.208200
0.169506
0.102926
0.090163
0.045397
0.011840
-0.003384
-0.013317
-0.068350
-0.077699
-0.112556
-0.147258
-0.154666
-0.125867
-0.096171
-0.133189
-0.142286
-0.221766
-0.205035
-0.148402
-0.175727
-0.117893
-0.136825
-0.109565
-0.081621
-0.065358
-0.055295
-0.063817
0.023846
0.042341
-0.013599
0.032943
0.043356
0.041464
0.054170
0.051927
0.124254
0.147378
0.143516
0.151798
0.149834
0.097335
0.131714
0.217227
0.227623
0.217314
0.266641
0.309754
0.344929
0.380817
0.393372
0.396566
0.393902
0.343394
0.397926
0.356965
0.378767
0.365003
0.274122
0.258194
0.221889
0.184894
0.123612
0.095241
0.116429
0.072188
0.072798
0.074456
0.113512
0.070312
0.001248
-0.070884
-0.099725
-0.104815
-0.072332
-0.090584
-0.163641
-0.178232
-0.187856
-0.194927
-0.241098
-0.281277
-0.234528
-0.202134
-0.166310
-0.144742
-0.152719
-0.161576
-0.153080
-0.148365
-0.142350
-0.181587
-0.211343
-0.273473
-0.255028
-0.304018
-0.287218
-0.240257
-0.237593
-0.300905
-0.305517
-0.304963
-0.309733
-0.316629
-0.300897
-0.280905
-0.270895
-0.265808
-0.206635
-0.179755
-0.107596
-0.086006
-0.053138
-0.050561
0.018060
0.059976
0.113677
0.151199
0.208070
0.212388
0.232040
0.238093
0.261547
0.285917
0.301416
0.297732
0.317470
0.358479
0.362053
0.362888
0.385630
0.337367
0.277794
0.279392
0.257242
0.305077
0.313950
0.382754
0.384069
0.325039
0.302158
0.268718
0.253523
0.221173
0.259563
0.238871
0.254857
0.228370
0.151930
0.099836
0.102716
0.128152
0.190114
0.166285
0.197565
0.203854
0.179588
0.189529
0.213054
0.200568
0.201090
0.197556
0.230114
0.258077
0.297577
0.325217
0.284510
0.217546
0.195063
0.187935
0.212472
0.224958
0.181932
0.132868
0.084744
0.037760
0.021554
0.033726
-0.027502
-0.066087
-0.094798
-0.097785
-0.040690
0.026520
0.033444
-0.069191
-0.122461
-0.130889
-0.092271
-0.129763
-0.154532
-0.086317
-0.100551
-0.109896
-0.128663
-0.069039
-0.067808
-0.023259
-0.011990
0.016361
0.051308
0.126110
0.129105
0.081004
0.098153
0.096116
0.060243
0.081498
0.087012
0.051993
0.106381
0.098632
0.031316
0.059545
0.024109
-0.021401
-0.061521
-0.088453
-0.100598
-0.139367
-0.092432
-0.041761
-0.027586
-0.039207
-0.081407
-0.113311
-0.089763
-0.027750
0.029683
0.041364
0.089704
0.036352
0.023239
0.023090
0.064126
0.102365
0.048773
0.050688
0.094853
0.167724
0.219912
0.271565
0.309321
0.333119
0.355266
0.343142
0.395126
0.418221
0.421183
0.424485
0.407158
0.298058
0.241549
0.235453
0.214188
0.153509
0.136667
0.174159
0.154606
0.147107
0.125816
0.095565
0.023870
-0.019299
-0.077392
-0.106198
-0.092643
-0.098285
-0.086215
-0.120624
-0.164739
-0.192935
-0.185715
-0.158678
-0.120737
-0.120299
-0.115380
-0.096319
-0.078774
-0.100354
-0.122770
-0.142988
-0.161694
-0.179861
-0.216327
-0.174216
-0.110835
-0.094181
-0.014736
0.031098
-0.003512
0.009259
-0.025106
0.019575
0.090363
0.090713
0.054852
0.078444
0.078971
0.072130
0.058032
-0.013772
-0.059372
-0.070053
-0.095362
-0.033025
-0.057413
-0.063219
-0.069315
-0.014397
0.004978
-0.044494
-0.064971
-0.061114
-0.058741
-0.050259
-0.060910
-0.037423
-0.045508
-0.086243
-0.099877
-0.057326
-0.050227
-0.037015
0.024669
-0.008758
-0.024268
-0.000794
0.010512
0.016777
0.019188
0.089415
0.148876
0.187051
0.155469
0.108340
0.035104
-0.064927
-0.137035
-0.124134
-0.087739
-0.020231
-0.001616
-0.050718
-0.096394
-0.031722
-0.024663
0.003121
-0.031170
-0.031524
-0.037924
0.024177
0.054496
0.109080
0.150064
0.141984
0.141899
0.253566
0.291304
0.271069
0.261476
0.172595
0.111647
0.109026
0.124199
0.098394
0.158195
0.221390
0.263081
0.318498
0.360877
0.375462
0.405689
0.374847
0.382532
0.363057
0.318423
0.260467
0.257363
0.243530
0.187162
0.158842
0.284126
0.263331
0.230200
0.179366
0.162864
0.115089
0.094514
0.122480
0.110115
0.107726
0.029726
-0.067083
-0.079128
-0.053826
-0.045116
-0.023049
0.032290
0.012775
-0.014377
-0.063827
-0.127560
-0.175861
-0.222063
-0.253965
-0.221036
-0.167867
-0.186191
-0.197687
-0.223504
-0.178073
-0.238941
-0.242991
-0.320103
-0.319281
-0.290760
-0.343707
-0.335293
-0.295691
-0.296379
-0.261020
-0.185839
-0.113705
-0.092930
-0.033218
-0.019120
0.004929
-0.005613
-0.041712
-0.005641
0.052729
0.121977
0.084843
0.088032
0.093610
0.096970
0.166779
0.225320
0.246920
0.239563
0.200804
0.206465
0.203609
0.185559
0.191342
0.184077
0.192694
0.241298
0.278158
0.204108
0.229301
0.214260
0.221900
0.196502
0.128677
0.138218
0.137384
0.112033
0.108314
0.148392
0.184695
0.221096
0.223627
0.211315
0.187562
0.210807
0.167035
0.211859
0.151894
0.144163
0.233981
0.222242
0.260492
0.272672
0.240916
0.175913
0.149121
0.229264
0.296271
0.307204
0.335216
0.279872
0.291242
0.305469
0.293095
0.355403
0.303739
0.261278
0.241373
0.269227
0.210076
0.108068
0.046307
0.035490
-0.002648
-0.012145
0.041140
0.044462
-0.014518
-0.012401
-0.062021
-0.136352
-0.145117
-0.152880
-0.092801
-0.062311
-0.032184
-0.111519
-0.143252
-0.101399
-0.124330
-0.076501
-0.152220
-0.161323
-0.069477
-0.100986
-0.111503
-0.114025
-0.135879
-0.079020
-0.035789
-0.024873
0.011406
-0.043186
-0.085592
-0.065915
0.002413
-0.023044
-0.069075
-0.025436
-0.016028
-0.023534
-0.046437
-0.008625
-0.019386
-0.117739
-0.089337
-0.056713
0.007743
-0.003214
-0.043612
-0.005983
-0.012347
-0.001889
0.073538
0.209162
0.216204
0.240932
0.184307
0.152346
0.129629
0.069709
0.067921
0.018414
-0.007317
0.002958
0.010801
0.006989
0.069365
0.109650
0.082208
0.148077
0.265312
0.294990
0.340823
0.320887
0.279766
0.260176
0.160325
0.128486
0.144793
0.131840
0.143220
0.118522
0.090210
0.041466
-0.034338
-0.105128
-0.173385
-0.190473
-0.242148
-0.303322
-0.305221
-0.344396
-0.347797
-0.395773
-0.394066
-0.403122
-0.384728
-0.385037
-0.344085
-0.295022
-0.232353
-0.229911
-0.219477
-0.176264
-0.079378
-0.109817
-0.039078
0.046421
0.086263
0.114380
0.129722
0.045657
0.092120
0.120391
0.131483
0.181529
0.187872
0.204104
0.141950
0.162593
0.163792
0.152717
0.070618
0.112440
0.077753
0.142667
0.170082
0.150099
0.099583
0.043301
0.081464
0.156781
0.068329
0.044957
0.094710
0.055270
0.061249
-0.022566
-0.018908
-0.059209
-0.171525
-0.178207
-0.237896
-0.237385
-0.202420
-0.256817
-0.331329
-0.476798
-0.530098
-0.546483
-0.595482
-0.600806
-0.561939
-0.551363
-0.549737
-0.518436
-0.496211
-0.474115
-0.448694
-0.375545
-0.267263
-0.244148
-0.185059
-0.200002
-0.161590
-0.146621
-0.091430
-0.076484
-0.017987
0.046392
0.057146
-0.025365
-0.033021
-0.010399
-0.024671
0.044105
0.081283
0.121474
0.098202
0.032983
-0.082572
-0.163453
-0.147083
-0.212316
-0.163421
-0.171138
-0.127337
-0.062953
-0.047662
0.035422
0.093963
0.058853
0.094647
0.090752
0.147942
0.162911
0.105585
0.146996
0.156655
0.143462
0.090008
0.020067
0.034561
0.053019
0.063120
0.005689
-0.035033
-0.035439
-0.056491
0.017066
0.042560
0.080243
0.087654
0.064987
0.011340
0.023369
0.045755
0.005174
-0.018804
0.023588
0.097563
0.096295
0.099938
0.055440
0.074302
0.077621
0.022258
0.038594
0.043118
0.050642
0.067286
0.045075
0.073907
0.059275
0.046463
0.080220
0.079537
0.111346
0.079918
0.073721
0.031658
0.018789
0.001612
-0.034643
-0.096075
-0.119149
-0.103445
-0.073918
-0.088998
-0.071158
-0.014371
0.001443
-0.010444
-0.005284
-0.019648
0.055012
0.096212
0.118937
0.167779
0.213708
0.299676
0.402490
0.426764
0.353866
0.369669
0.419062
0.446367
0.383445
0.441725
0.455054
0.420324
0.401043
0.311706
0.264108
0.253352
0.278555
0.309207
0.308064
0.226312
0.082133
0.130270
0.129449
0.172682
0.145690
0.142917
0.122998
0.121709
0.030177
-0.068340
-0.086196
-0.149325
-0.214680
-0.205075
-0.173436
-0.228115
-0.248056
-0.242009
-0.171436
-0.153391
-0.047017
-0.129128
-0.157361
-0.177443
-0.212497
-0.250808
-0.261566
-0.239305
-0.242886
-0.369180
-0.401647
-0.436407
-0.439479
-0.467978
-0.521206
-0.484079
-0.521346
-0.474153
-0.438670
-0.377667
-0.412346
-0.370088
-0.322966
-0.343379
-0.309351
-0.196649
-0.124465
-0.105911
-0.095518
-0.064179
0.036818
0.176367
0.259632
0.270243
0.223071
0.217621
0.195899
0.207841
0.183268
0.182093
0.149168
0.146132
0.226349
0.173840
0.080103
0.056514
-0.031366
0.051855
0.131379
0.181592
0.159439
0.222007
0.303898
0.400155
0.429328
0.336431
0.298053
0.311624
0.321542
0.375508
0.397447
0.427126
0.363682
0.433398
0.428717
0.410638
0.373060
0.364955
0.384361
0.443241
0.486885
0.468248
0.463114
0.415540
0.343191
0.319070
0.299918
0.285512
0.308153
0.326527
0.357221
0.450076
0.472272
0.453135
0.480087
0.452605
0.432030
0.426065
0.367711
0.347327
0.353304
0.294320
0.222292
0.207503
0.137593
0.084154
0.046374
0.057269
0.063959
0.084396
0.057048
0.138658
0.095950
0.155687
0.148723
0.144729
0.091841
0.109098
0.105741
0.085700
0.074725
0.095980
0.135310
0.204500
0.237177
0.169215
0.239475
0.253791
0.198911
0.153342
0.061804
0.042053
-0.019271
-0.033621
-0.048786
-0.103274
-0.038661
-0.012781
-0.007484
0.027665
-0.015636
0.025329
-0.020918
-0.100523
-0.139918
-0.147842
-0.108171
-0.108341
-0.145143
-0.112820
-0.111780
-0.137820
-0.232467
-0.248972
-0.252103
-0.260949
-0.264289
-0.310174
-0.311835
-0.333461
-0.409335
-0.483402
-0.444421
-0.344470
-0.280075
-0.281506
-0.261479
-0.302154
-0.256512
-0.241134
-0.304833
-0.291883
-0.220394
-0.251528
-0.320009
-0.322250
-0.361864
-0.277456
-0.266717
-0.252240
-0.237289
-0.295526
-0.273706
-0.228892
-0.253253
-0.231424
-0.215668
-0.168097
-0.220897
-0.256779
-0.235218
-0.175988
-0.063454
-0.078487
-0.061483
-0.005721
0.003641
-0.072245
-0.020097
0.033184
0.044536
-0.049772
-0.008695
0.079189
0.088402
0.126033
0.194537
0.293672
0.408672
0.416141
0.274036
0.204327
0.176917
0.281723
0.262995
0.326760
0.313793
0.353819
0.406726
0.467635
0.520172
0.512292
0.529543
0.557661
0.616955
0.617519
0.600665
0.660294
0.716927
0.739025
0.693987
0.775418
0.730123
0.713275
0.692723
0.658375
0.569519
0.578901
0.520266
0.420659
0.347650
0.282796
0.277654
0.258705
0.259505
0.204982
0.193143
0.156989
0.172398
0.076771
0.010987
0.031365
-0.053229
-0.105994
-0.077678
-0.062791
-0.009118
-0.075826
-0.064735
-0.073381
-0.003642
-0.064733
-0.086121
-0.006515
-0.024837
-0.060210
-0.084958
-0.019724
-0.088987
-0.153930
-0.083860
-0.098009
-0.154303
-0.152811
-0.167397
-0.123238
-0.128859
-0.064196
-0.166754
-0.148347
-0.126813
-0.087236
-0.033911
-0.047220
0.056461
0.194646
0.268254
0.345634
0.370030
0.351507
0.385054
0.304540
0.253335
0.247862
0.209372
0.205544
0.127998
0.040704
0.103083
0.152651
0.208376
0.271579
0.246922
0.202768
0.216401
0.258252
0.236130
0.238261
0.292309
0.400207
0.484581
0.452968
0.393925
0.309340
0.311308
0.308125
0.217732
0.186075
0.102969
0.058663
0.100291
0.234536
0.223585
0.208635
0.204064
0.200361
0.256352
0.221702
0.272365
0.316101
0.278934
0.185751
0.284815
0.302300
0.233048
0.326810
0.306873
0.305189
0.272171
0.308812
0.320944
0.331178
0.299812
0.219359
0.293580
0.379148
0.351417
0.332734
0.239484
0.192402
0.220871
0.252413
0.165649
0.081759
0.004364
-0.053964
-0.071002
-0.115509
-0.163523
-0.254659
-0.368212
-0.387418
-0.402021
-0.457987
-0.594577
-0.641279
-0.709365
-0.696219
-0.687283
-0.757219
-0.762434
-0.751877
-0.718719
-0.673335
-0.621712
-0.563979
-0.646909
-0.652577
-0.723715
-0.580125
-0.546553
-0.489625
-0.380693
-0.208579
-0.169109
-0.123018
0.003302
0.114243
0.160762
0.264716
0.326761
0.361095
0.254895
0.269994
0.297371
0.292025
0.352286
0.434052
0.374233
0.319534
0.322567
0.355657
0.237493
0.203173
0.209577
0.197906
0.225917
0.202947
0.079909
0.020603
-0.039904
0.008727
-0.035407
-0.013504
-0.064614
-0.117865
-0.140042
-0.119684
-0.077183
-0.091185
-0.112762
-0.106372
-0.129539
-0.248153
-0.308799
-0.339153
-0.356899
-0.361122
-0.394494
-0.505866
-0.549372
-0.572757
-0.606254
-0.576589
-0.649612
-0.680126
-0.634923
-0.516329
-0.452574
-0.444449
-0.408848
-0.445422
-0.453390
-0.376694
-0.382939
-0.398051
-0.373689
-0.358971
-0.318815
-0.292154
-0.229783
-0.245242
-0.176557
-0.192632
-0.153657
0.018722
0.096886
0.241067
0.283230
0.352539
0.403441
0.519470
0.560421
0.442952
0.446613
0.500362
0.572171
0.573768
0.580804
0.579877
0.521237
0.449912
0.431543
0.391592
0.343815
0.518858
0.557783
0.482529
0.437465
0.525100
0.511593
0.528352
0.474250
0.472752
0.536533
0.518454
0.481957
0.456035
0.546642
0.578207
0.596028
0.558191
0.489151
0.521535
0.479515
0.462862
0.411939
0.380254
0.325995
0.299712
0.230340
0.123415
-0.013662
-0.005777
0.065736
0.018783
0.029302
0.106316
0.111091
-0.007094
-0.015864
-0.043886
-0.053446
-0.061037
-0.130702
-0.021733
-0.086357
-0.092528
-0.067129
0.024557
0.011986
-0.019173
0.049978
0.000240
-0.069623
-0.061209
-0.057129
-0.013147
-0.013604
0.072457
0.215950
0.290064
0.310006
0.267736
0.133302
0.122441
0.159680
0.114802
0.041501
0.161940
0.159937
0.050814
0.114961
0.113266
-0.032684
-0.135647
-0.287823
-0.350040
-0.416242
-0.535659
-0.538678
-0.521742
-0.526782
-0.511154
-0.416233
-0.417062
-0.385665
-0.460503
-0.361166
-0.273588
-0.268548
-0.232154
-0.135885
-0.111707
-0.050270
-0.033579
0.013002
0.024192
0.131921
0.072457
0.017212
-0.018516
0.048275
0.055400
0.033549
0.095624
0.090677
0.157687
0.099503
0.077513
0.054081
0.069733
0.140472
0.234256
0.240695
0.270640
0.327443
0.231511
0.224458
0.183768
0.210266
0.156415
0.163289
0.188867
0.225469
0.296189
0.431554
0.360781
0.384322
0.309347
0.119555
0.002427
0.001579
-0.037435
-0.054787
-0.081289
-0.074953
-0.002088
-0.019567
-0.041352
-0.127904
-0.103875
-0.043846
0.027555
-0.068446
-0.066639
-0.059114
0.008689
0.005278
-0.065319
-0.008733
0.017996
0.027369
0.045109
0.047604
0.150771
0.219854
0.170628
0.278346
0.209094
0.249020
0.240739
0.244305
0.204849
0.210544
0.234645
0.136679
0.131645
0.177401
0.045599
-0.049278
-0.059758
-0.086332
-0.110072
-0.099237
-0.164525
-0.266019
-0.207695
-0.210444
-0.141207
-0.248018
-0.142885
-0.128748
-0.211473
-0.189699
-0.214922
-0.181027
-0.112616
-0.131962
-0.214337
-0.246066
-0.236380
-0.304004
-0.310862
-0.330592
-0.448084
-0.564785
-0.638977
-0.622485
-0.631870
-0.627404
-0.578644
-0.514949
-0.347261
-0.286897
-0.288934
-0.303847
-0.084674
-0.041071
-0.073036
-0.206726
-0.251065
-0.180779
-0.213349
-0.178522
-0.171765
-0.229422
-0.292712
-0.342555
-0.345105
-0.246554
-0.348695
-0.397409
-0.461975
-0.493394
-0.503232
-0.514546
-0.481794
-0.476990
-0.540298
-0.500626
-0.499041
-0.448061
-0.479384
-0.381326
-0.257306
-0.221966
-0.363696
-0.333067
-0.326942
-0.360285
-0.394894
-0.448499
-0.368015
-0.431449
-0.380017
-0.312416
-0.448010
-0.483173
-0.433597
-0.488168
-0.448090
-0.309761
-0.170460
-0.176580
-0.211254
-0.206360
-0.212257
-0.078573
0.049459
0.101222
0.135929
0.252907
0.185762
0.198110
0.156164
0.112231
0.319982
0.380188
0.373677
0.349393
0.292486
0.310365
0.261687
0.288438
0.355683
0.302022
0.345569
0.298057
0.287938
0.328554
0.289402
0.364394
0.494895
0.475788
0.479598
0.465314
0.526444
0.643844
0.761137
0.722028
0.739734
0.684984
0.678514
0.733098
0.743117
0.785972
0.748556
0.601180
0.529757
0.507363
0.449731
0.434908
0.502430
0.554484
0.542438
0.578857
0.640292
0.656028
0.721534
0.715264
0.657158
0.510874
0.361455
0.313282
0.386493
0.294548
0.316465
0.297235
0.060218
-0.001853
-0.006035
-0.081374
0.010962
-0.040278
-0.049382
-0.048418
-0.088114
-0.109731
-0.084986
-0.086490
-0.101231
-0.047073
0.012859
0.023393
-0.003643
0.002599
-0.032420
0.047172
0.084465
0.088365
0.070396
0.080253
-0.019512
0.035080
-0.032579
0.023860
0.095163
0.113573
0.082172
0.157019
0.360038
0.321276
0.104404
0.004828
0.051647
0.012177
-0.133009
-0.159644
-0.022462
-0.002060
0.065939
-0.003303
-0.035317
-0.023608
-0.104511
-0.218626
-0.161361
-0.114792
-0.230306
-0.257103
-0.267091
-0.312212
-0.355578
-0.377871
-0.403264
-0.504425
-0.474527
-0.486674
-0.433230
-0.427090
-0.455843
-0.437327
-0.366472
-0.324470
-0.259051
-0.116201
-0.129228
-0.190971
-0.238931
-0.152353
-0.168614
-0.116989
0.003094
0.060757
0.057034
0.024303
0.025747
0.052046
-0.088583
-0.148951
-0.092020
-0.079253
0.024446
0.144428
0.219437
0.164066
0.134758
0.085498
0.308224
0.360489
0.197772
0.214432
0.263432
0.276001
0.208946
0.167964
0.164223
0.174391
0.229502
0.271744
0.208271
0.030749
0.034286
0.058147
-0.103192
-0.131728
-0.096904
-0.057144
-0.231521
-0.218643
-0.019668
0.016432
0.061550
0.105194
0.116056
0.046486
-0.039466
-0.128270
-0.270501
-0.275886
-0.200191
-0.258442
-0.253403
-0.200555
-0.154763
-0.094532
-0.132901
-0.042119
0.029543
0.100465
0.007309
-0.031705
-0.050408
-0.019471
0.069605
0.095094
0.093607
0.077104
0.221546
0.245281
0.321525
0.311305
0.262179
0.304194
0.329236
0.387720
0.445488
0.544974
0.561366
0.563995
0.480285
0.388809
0.447580
0.407184
0.342750
0.263451
0.235881
0.294657
0.244767
0.193881
0.042228
-0.051014
-0.074344
-0.058508
-0.150081
-0.065129
-0.029635
0.011009
-0.011584
-0.155978
-0.107134
-0.043628
0.008966
0.060741
0.028401
0.148653
0.182835
0.171594
0.242475
0.319507
0.456357
0.521366
0.642243
0.629901
0.500178
0.442744
0.456726
0.346657
0.101147
0.028653
0.022682
-0.128440
-0.168225
-0.291566
-0.433162
-0.445447
-0.460523
-0.429127
-0.458734
-0.410236
-0.433737
-0.562568
-0.655285
-0.670207
-0.590946
-0.641718
-0.724975
-0.769250
-0.801421
-0.777448
-0.884047
-0.779311
-0.600838
-0.518990
-0.528759
-0.552184
-0.531203
-0.408412
-0.323666
-0.373096
-0.333198
-0.381758
-0.388755
-0.290411
-0.109990
-0.057279
-0.084249
-0.121217
-0.106445
-0.029893
-0.106276
-0.183136
-0.243920
-0.208133
-0.165882
-0.203569
-0.246603
-0.100303
-0.038925
-0.044940
-0.037251
0.173784
0.257654
0.314780
0.298901
0.284131
0.154512
0.019801
-0.064790
-0.162395
-0.133359
-0.070410
-0.040133
-0.157776
-0.259797
-0.315691
-0.255041
-0.255687
-0.225094
-0.300882
-0.444712
-0.589340
-0.673807
-0.675838
-0.717761
-0.648639
-0.585975
-0.668482
-0.563903
-0.642140
-0.482265
-0.502241
-0.558762
-0.524838
-0.542101
-0.462347
-0.533398
-0.532214
-0.469201
-0.533571
-0.483854
-0.525812
-0.494587
-0.411767
-0.409706
-0.402273
-0.197505
-0.093061
-0.087708
-0.128462
-0.178752
-0.115260
-0.057093
0.057153
-0.004851
-0.097599
-0.030651
0.122306
0.258197
0.220980
0.292504
0.300737
0.410276
0.537928
0.534367
0.529482
0.716206
0.878251
0.983226
0.864157
0.717580
0.686466
0.700725
0.783754
0.808436
0.623841
0.661034
0.605228
0.620694
0.625278
0.593185
0.545731
0.489953
0.680058
0.721550
0.718610
0.491541
0.394959
0.392674
0.415879
0.512312
0.560547
0.472573
0.366448
0.345783
0.363369
0.269403
0.244732
0.239067
0.088139
-0.060304
-0.025373
-0.109899
-0.197424
-0.191215
-0.210869
-0.160787
-0.193085
-0.235706
-0.310487
-0.395418
-0.318035
-0.264370
-0.155048
-0.067652
-0.095101
-0.178333
-0.155528
-0.166599
-0.197030
-0.063260
-0.052102
0.034798
0.083259
0.039047
0.145994
0.140336
0.120701
-0.050002
-0.012239
0.173642
0.296297
0.151625
0.063688
0.037430
0.091068
0.095398
0.025501
0.125339
0.061134
0.148374
0.195665
0.191186
0.248643
0.184178
0.315059
0.229289
0.340841
0.315070
0.208338
0.191157
0.190212
0.094301
0.102979
0.195629
0.230054
0.250759
0.189457
0.029541
-0.020883
0.075974
0.117373
0.164048
0.204895
0.090442
0.052473
-0.028870
-0.030623
-0.117050
-0.249545
-0.346736
-0.305219
-0.322991
-0.249965
-0.051911
-0.121365
-0.153753
-0.027260
-0.095488
-0.119346
-0.022095
-0.122993
-0.081995
-0.124935
-0.212132
-0.235587
-0.272807
-0.224686
-0.187455
-0.098438
-0.098739
-0.045996
-0.089195
-0.006686
0.003488
-0.002066
-0.085850
-0.110883
-0.058504
-0.135728
-0.069220
0.071213
0.037547
0.022660
-0.022121
-0.115873
-0.133396
-0.118710
-0.182841
-0.028352
0.127395
0.305647
0.266857
0.373536
0.492282
0.454370
0.518487
0.469388
0.375296
0.277821
0.202375
0.180898
0.286811
0.244224
0.255279
0.203655
0.114306
0.013723
-0.107538
-0.125370
-0.164397
-0.306361
-0.305260
-0.275924
-0.259493
-0.442909
-0.573288
-0.532239
-0.471296
-0.334056
-0.265325
-0.260042
-0.288810
-0.482937
-0.497724
-0.406738
-0.407123
-0.431773
-0.408456
-0.331725
-0.264388
-0.253081
-0.297596
-0.428716
-0.461702
-0.438531
-0.419638
-0.518967
-0.458809
-0.359248
-0.331360
-0.345491
-0.328143
-0.387296
-0.400696
-0.234311
-0.255311
-0.301683
-0.276000
-0.420222
-0.443523
-0.492662
-0.408849
-0.510348
-0.529688
-0.532024
-0.472500
-0.516919
-0.533411
-0.543140
-0.561291
-0.516142
-0.478892
-0.499852
-0.469419
-0.478709
-0.409494
-0.550251
-0.709660
-0.617266
-0.581108
-0.554936
-0.452331
-0.293597
-0.170217
-0.100761
-0.099283
-0.074659
-0.154030
-0.175736
-0.152110
-0.088250
-0.178604
-0.205407
-0.337934
-0.372101
-0.221435
-0.255148
-0.398382
-0.291359
-0.123690
-0.120614
0.002385
0.061010
0.014914
-0.063811
-0.209040
-0.098643
-0.046406
-0.016155
-0.017117
0.070885
0.125733
0.036259
0.129918
0.067371
0.165476
0.187115
0.147809
0.184803
0.093424
0.084924
0.150793
0.120510
0.044743
0.010626
0.071570
0.106690
-0.051310
-0.115952
-0.141377
-0.085745
-0.164876
-0.147533
-0.169706
-0.124472
0.052461
0.105066
-0.014177
0.062555
0.060505
-0.048976
-0.102728
-0.285156
-0.345772
-0.232142
-0.478649
-0.478906
-0.401184
-0.508890
-0.440043
-0.435895
-0.448953
-0.421712
-0.354716
-0.516448
-0.657461
-0.655083
-0.743160
-0.867762
-0.734228
-0.676369
-0.665927
-0.622524
-0.568231
-0.547638
-0.436550
-0.332484
-0.377430
-0.468073
-0.452370
-0.514783
-0.557237
-0.500810
-0.468645
-0.405190
-0.394350
-0.408904
-0.528011
-0.638171
-0.523444
-0.385168
-0.294559
-0.236253
-0.077521
-0.037143
-0.113732
-0.095555
-0.005900
0.060061
0.102365
0.008822
-0.015831
-0.039862
-0.019706
0.023465
0.000144
-0.122103
-0.208047
-0.308817
-0.230193
-0.197089
-0.311932
-0.274914
-0.327466
-0.423771
-0.508893
-0.391036
-0.302941
-0.332771
-0.299488
-0.282833
-0.353312
-0.366280
-0.316415
-0.179756
-0.226094
-0.345365
-0.297895
-0.211402
-0.065926
0.012222
0.078172
0.055166
0.075169
0.092661
0.143326
0.184295
0.035736
0.170506
0.156812
0.119668
-0.021006
0.037401
-0.057778
-0.108778
-0.133388
-0.136928
-0.277693
-0.372014
-0.370352
-0.322708
-0.324589
-0.304883
-0.339985
-0.252302
-0.270820
-0.348303
-0.402296
-0.449888
-0.437549
-0.326430
-0.287315
-0.336557
-0.451945
-0.534984
-0.502719
-0.433602
-0.170521
-0.017979
-0.000784
-0.176988
-0.143430
-0.170580
-0.054011
0.045874
0.033713
0.040201
0.172663
0.124860
0.180743
0.213911
0.060286
0.008954
-0.015022
-0.110424
-0.114994
-0.172633
-0.264214
-0.151187
-0.105548
0.022055
-0.028916
-0.077439
0.076028
0.167824
0.174704
0.233295
0.260639
0.363840
0.312313
0.291755
0.266476
0.246612
0.330502
0.350131
0.412701
0.468045
0.483774
0.577774
0.653402
0.776607
0.823804
0.938785
1.039557
0.991947
1.058153
1.063854
0.881022
0.798238
0.804845
0.745568
0.643476
0.652867
0.683630
0.525188
0.610389
0.518294
0.437507
0.417496
0.426783
0.316813
0.390828
0.399467
0.369872
0.330544
0.404566
0.349848
0.300177
0.221691
0.136012
0.083981
0.073315
0.130304
0.079451
0.104805
-0.006307
0.086453
0.159125
0.035855
-0.098412
-0.133279
-0.106894
-0.178385
-0.204842
-0.156487
-0.169748
-0.340436
-0.397618
-0.490746
-0.472609
-0.544301
-0.630341
-0.593297
-0.543226
-0.530873
-0.583176
-0.513289
-0.636243
-0.654510
-0.764389
-0.736570
-0.753689
-0.622222
-0.561796
-0.564800
-0.570946
-0.525702
-0.466593
-0.395443
-0.216589
-0.244290
-0.245610
-0.123071
-0.193868
-0.097250
0.041533
0.016336
-0.080569
-0.208352
-0.237392
-0.142088
-0.124332
0.016748
0.020093
0.038000
0.176692
0.242109
0.332070
0.276355
0.277679
0.317624
0.519522
0.613337
0.650792
0.711609
0.612803
0.601093
0.612267
0.547780
0.624817
0.711309
0.597984
0.426694
0.315812
0.250766
0.190529
0.236449
0.231203
0.353156
0.363764
0.512877
0.685254
0.675578
0.585507
0.608031
0.565530
0.544920
0.401957
0.468087
0.380507
0.326113
0.154243
0.039184
-0.059952
-0.113438
-0.164363
-0.106734
-0.287840
-0.355666
-0.317917
-0.363438
-0.225828
-0.194973
-0.203938
-0.160222
-0.125977
-0.178788
-0.237738
-0.313492
-0.257919
-0.161139
-0.145519
-0.239087
-0.045548
0.076038
0.108198
0.008735
-0.116789
-0.129621
-0.169887
-0.070287
-0.091570
0.016495
0.006478
0.041105
0.046005
0.001267
0.092842
0.039775
0.184789
0.234785
0.185124
0.180926
0.209547
0.213115
0.332101
0.234261
0.241567
0.249360
0.238361
0.194476
0.013092
0.119990
0.101031
0.111032
0.067504
0.100776
0.126658
0.063809
0.060485
-0.010408
0.032087
0.043765
0.151138
0.264299
0.381916
0.315950
0.292221
0.335088
0.382810
0.417734
0.430133
0.439885
0.410470
0.384566
0.180333
0.202678
0.304408
0.238993
0.105393
0.086321
-0.009979
-0.053069
0.039357
0.091874
0.175439
0.300735
0.319394
0.338090
0.382502
0.360811
0.456472
0.367511
0.365160
0.359330
0.360318
0.270304
0.234894
0.114205
0.133261
0.188401
0.251964
0.325659
0.208553
0.332928
0.327706
0.332483
0.358383
0.289028
0.323102
0.290001
0.323789
0.300542
0.325583
0.295521
0.362275
0.331996
0.392865
0.293548
0.292188
0.172842
0.185577
0.091921
0.157286
0.182047
0.236297
0.203517
0.130203
0.012394
0.056544
-0.061057
-0.056772
-0.199038
-0.269390
-0.237505
-0.205798
-0.294527
-0.361142
-0.298115
-0.443612
-0.575524
-0.639544
-0.679847
-0.693928
-0.685952
-0.782511
-0.844207
-0.899135
-0.948948
-0.875038
-0.812929
-0.768058
-0.750036
-0.653871
-0.620693
-0.538462
-0.482808
-0.503035
-0.437365
-0.372028
-0.266158
-0.257660
-0.286161
-0.200589
-0.155987
-0.200633
-0.110176
0.032333
0.114827
0.198444
0.250118
0.324748
0.459711
0.408209
0.520110
0.595054
0.590240
0.624412
0.673545
0.646304
0.535473
0.505984
0.383496
0.336567
0.164801
0.168666
0.204751
0.174869
0.255625
0.155661
0.195347
0.316101
0.314238
0.316574
0.173102
0.112175
0.192296
0.079271
0.021598
0.055013
0.130901
0.134726
0.082389
0.055924
0.123150
0.147908
0.120614
0.126816
0.068799
0.024393
0.009567
-0.010991
-0.036718
0.029906
-0.044741
-0.098641
-0.031126
0.043820
0.039376
0.039195
-0.059941
-0.173462
-0.201100
-0.173140
-0.119357
-0.067539
-0.041404
-0.003955
0.004933
-0.031926
0.018620
0.080555
0.050519
0.018944
-0.095368
-0.126543
-0.200915
-0.304036
-0.283844
-0.338130
-0.398976
-0.283081
-0.343831
-0.363448
-0.437841
-0.473375
-0.466281
-0.533351
-0.503468
-0.455128
-0.489278
-0.321400
-0.301222
-0.286239
-0.230300
-0.186128
-0.201154
-0.126090
-0.101166
-0.086181
-0.076055
-0.159104
-0.006430
-0.006559
0.002493
-0.030742
0.018137
-0.037301
-0.042905
-0.041020
0.024502
0.132152
0.092719
0.134915
0.080389
0.098293
0.164799
0.171815
0.103314
0.109388
0.157840
0.186241
0.238848
0.280951
0.378121
0.491205
0.363705
0.294028
0.257270
0.185328
0.165293
0.190115
0.288190
0.345821
0.340680
0.292453
0.206249
0.185720
0.178735
0.156758
0.092707
0.109755
0.109563
0.032506
-0.088887
-0.094505
-0.052306
-0.155451
-0.141656
-0.192379
-0.258789
-0.255654
-0.265439
-0.305457
-0.218589
-0.080908
-0.014634
-0.000497
0.052685
0.101024
0.041862
0.000216
-0.033571
-0.077765
-0.080757
-0.118900
-0.114450
-0.085098
-0.077011
-0.034823
0.034441
0.009865
-0.090746
-0.148941
-0.143217
-0.179998
-0.217731
-0.212952
-0.172513
-0.126724
-0.084060
-0.038532
-0.015000
0.076431
0.170550
0.258088
0.248623
0.178484
0.142496
0.088669
0.071921
0.098773
0.121773
0.091519
0.177265
0.122157
0.081820
0.091548
0.093784
0.089221
0.090151
0.044114
0.020321
0.124785
0.203636
0.169246
0.121545
0.084489
0.092531
-0.015970
0.009621
0.101834
0.053849
0.009923
0.010905
-0.007892
0.029531
0.025263
0.061040
0.095890
0.072220
-0.050805
-0.118720
-0.220256
-0.202497
-0.215582
-0.151527
-0.137940
-0.185847
-0.235947
-0.309841
-0.287851
-0.297463
-0.307718
-0.241849
-0.314845
-0.354811
-0.346656
-0.375709
-0.403475
-0.393617
-0.405014
-0.478895
-0.397823
-0.344955
-0.260573
-0.170861
-0.121257
-0.120551
-0.164004
-0.119407
-0.190594
-0.284072
-0.264940
-0.209721
-0.136077
-0.134554
-0.126658
-0.145916
-0.103662
0.057034
0.089011
0.064623
0.120296
0.309161
0.328156
0.383736
0.437508
0.352917
0.307074
0.332508
0.354005
0.204470
0.231059
0.243819
0.245763
0.282864
0.328420
0.362877
0.368018
0.326922
0.371648
0.397812
0.352895
0.365628
0.386871
0.352778
0.354139
0.402016
0.452516
0.500505
0.508162
0.401200
0.349386
0.328841
0.268130
0.177247
0.056037
0.045308
0.015237
-0.001560
-0.020634
-0.103286
-0.200157
-0.170724
-0.199505
-0.225044
-0.196058
-0.280961
-0.236466
-0.259664
-0.284517
-0.308290
-0.284713
-0.300099
-0.312433
-0.344086
-0.309925
-0.272278
-0.261367
-0.221077
-0.233750
-0.220368
-0.214797
-0.251893
-0.224927
-0.175500
-0.193086
-0.146176
-0.082724
-0.164516
-0.151278
-0.097836
-0.112250
-0.076004
-0.086683
-0.058996
-0.002180
0.007775
-0.042809
-0.120052
-0.116111
-0.071203
-0.047134
-0.108490
-0.068839
0.006498
-0.006250
0.028203
-0.005898
-0.009906
-0.089634
-0.100006
-0.194510
-0.164252
-0.146680
-0.179006
-0.066245
-0.003424
0.026016
0.002773
0.060784
0.017918
-0.072571
-0.132336
-0.189800
-0.233685
-0.189169
-0.140940
-0.154157
-0.162374
-0.152259
-0.081237
0.021471
0.057448
0.086511
0.154460
0.152731
0.177791
0.187049
0.243265
0.280739
0.310132
0.333058
0.367444
0.437507
0.492615
0.508139
0.595105
0.568053
0.530936
0.591544
0.692560
0.673293
0.644047
0.544394
0.490648
0.488120
0.560584
0.495612
0.367128
0.308390
0.272847
0.126806
0.057234
-0.031859
-0.079541
-0.074049
-0.123177
-0.085244
-0.060312
0.016136
0.033571
0.003544
-0.015508
-0.010337
0.003734
-0.093777
-0.053133
-0.049978
-0.023518
-0.070776
-0.134723
-0.169274
-0.170413
-0.161702
-0.141131
-0.142025
-0.069117
-0.022819
0.050397
0.017970
0.049153
0.064315
0.040892
0.007558
-0.043546
-0.048780
-0.114193
-0.102743
-0.050479
-0.098533
-0.078158
-0.064457
-0.069396
-0.056397
-0.032020
-0.068530
-0.120133
-0.129711
-0.202324
-0.185025
-0.174015
-0.270567
-0.218140
-0.221540
-0.220093
-0.247512
-0.201703
-0.165614
-0.140034
-0.147282
-0.092209
-0.036525
-0.033681
-0.104244
-0.049373
0.027410
0.119087
0.191055
0.173821
0.155368
0.155389
0.142161
0.118549
0.058362
0.027290
0.003506
-0.070765
-0.058283
-0.091295
-0.108512
-0.097293
-0.128809
-0.105537
-0.094612
-0.053106
0.002472
0.015993
0.005568
0.006700
-0.018584
-0.040886
-0.056900
-0.113980
-0.083144
-0.111476
-0.074866
-0.124178
-0.144131
-0.146407
-0.127987
-0.012792
-0.003009
0.012274
0.054951
0.053988
0.001514
0.020892
0.022534
0.008996
-0.095801
-0.138084
-0.154339
-0.137128
-0.132206
-0.137502
-0.137130
-0.118752
-0.081564
-0.059710
-0.177786
-0.200806
-0.209790
-0.254276
-0.281522
-0.262613
-0.295393
-0.355224
-0.337747
-0.311775
-0.239936
-0.132974
-0.097848
-0.116726
-0.097730
-0.082437
-0.142012
-0.219910
-0.255071
-0.245223
-0.295880
-0.297568
-0.377170
-0.323727
-0.331284
-0.474256
-0.455661
-0.456292
-0.274379
-0.194662
-0.161016
-0.058147
-0.032624
-0.031347
0.008828
-0.026087
-0.065633
-0.072233
-0.138613
-0.221768
-0.189452
-0.189619
-0.223347
-0.169709
-0.190343
-0.189299
-0.272845
-0.357637
-0.401541
-0.488560
-0.578861
-0.630610
-0.623417
-0.613872
-0.629503
-0.644541
-0.624556
-0.675388
-0.672177
-0.620469
-0.620318
-0.597992
-0.597819
-0.594431
-0.565098
-0.444341
-0.474330
-0.472369
-0.459989
-0.390820
-0.339201
-0.187496
-0.093035
-0.051145
-0.027207
0.066147
0.064167
0.137655
0.132344
0.115365
0.140031
0.174823
0.087514
0.103490
0.136066
0.158445
0.201331
0.137482
0.107410
0.127433
0.108235
0.096298
0.063157
0.079766
0.067941
0.107346
0.092344
0.142174
0.143144
0.171303
0.174855
0.155407
0.226801
0.228741
0.300237
0.286818
0.261356
0.246036
0.310966
0.342530
0.341549
0.353801
0.395367
0.375233
0.325159
0.303027
0.261254
0.219933
0.195865
0.231464
0.218769
0.221077
0.198180
0.246797
0.257711
0.242423
0.236474
0.139964
0.116589
0.120770
0.073916
0.048087
0.030294
0.009151
-0.037280
-0.029740
-0.063998
-0.065982
-0.092984
-0.121964
-0.130359
-0.098700
-0.047942
-0.059664
-0.112968
-0.129884
-0.083218
-0.094017
-0.104876
-0.031992
0.006213
0.124614
0.160888
0.167701
0.156692
0.060966
0.071124
0.050812
0.077172
-0.012389
0.055999
0.014249
0.039757
0.054212
0.053826
0.054835
0.053349
0.044902
0.049062
0.020514
0.052311
0.121103
0.124496
0.200041
0.175159
0.048589
-0.036660
-0.059454
-0.018589
-0.029054
-0.026925
-0.086309
-0.132844
-0.130216
-0.155979
-0.128736
-0.104555
-0.056826
-0.011969
0.044449
0.093349
0.065215
0.027848
0.036404
0.019658
-0.033719
-0.021552
-0.040694
0.012107
0.000192
0.039659
0.036347
0.068908
0.053326
0.075020
0.100611
0.117226
0.154144
0.136890
0.185446
0.194649
0.161673
0.154104
0.098308
0.075280
0.048600
0.010185
-0.063466
-0.086451
-0.064852
-0.052049
-0.036403
-0.123054
-0.129262
-0.113476
-0.098217
-0.017090
-0.044647
-0.089913
-0.127478
-0.179352
-0.167835
-0.131215
-0.174554
-0.251459
-0.206523
-0.187878
-0.221579
-0.247268
-0.320245
-0.406503
-0.438601
-0.427284
-0.334056
-0.296550
-0.219508
-0.204183
-0.205749
-0.181751
-0.104359
-0.034210
-0.000333
-0.034537
-0.102129
-0.027338
0.014468
0.028643
0.027062
0.018847
-0.088175
-0.100195
-0.068931
-0.039959
-0.032739
0.005106
0.032374
0.069291
0.018610
0.035803
0.043408
0.032124
0.022306
-0.011974
0.024948
0.030558
-0.029495
0.004869
-0.023805
-0.045127
-0.059808
-0.105671
-0.157798
-0.159515
-0.267207
-0.323265
-0.333117
-0.327228
-0.294044
-0.232575
-0.236837
-0.210416
-0.250082
-0.194173
-0.177540
-0.137751
-0.112732
-0.090661
-0.124213
-0.183371
-0.215106
-0.197432
-0.226264
-0.224681
-0.255704
-0.180431
-0.174161
-0.093780
-0.046121
-0.081799
-0.072154
-0.042031
0.009164
0.055454
0.008102
-0.037021
-0.060449
-0.059049
-0.049599
-0.099692
-0.103803
-0.110357
-0.068656
-0.036166
0.000573
0.000231
0.005912
0.060448
0.091055
0.028375
-0.008411
-0.024842
0.041874
0.070916
0.070015
0.108658
0.173467
0.141476
0.193292
0.285585
0.342418
0.386989
0.346325
0.354198
0.345022
0.397106
0.396202
0.342648
0.312384
0.290378
0.299923
0.299288
0.302040
0.241637
0.155197
0.096510
0.049952
0.046875
0.043475
0.022147
0.008927
-0.018854
-0.017846
-0.026465
0.020422
0.144239
0.134098
0.164460
0.182404
0.223566
0.243653
0.258255
0.225377
0.193848
0.184083
0.162724
0.153993
0.211269
0.157979
0.159688
0.176373
0.157129
0.033658
0.020202
0.066710
0.050365
0.051410
0.009230
-0.063239
-0.142986
-0.142805
-0.096271
-0.170619
-0.225241
-0.093173
-0.080488
-0.057381
-0.000054
-0.037802
-0.005130
0.057986
0.059406
0.078240
0.075903
0.120291
0.115316
0.101977
0.095552
0.082640
0.068606
0.111588
0.117903
0.113871
0.130623
0.182974
0.233386
0.244437
0.229551
0.206699
0.197053
0.241650
0.220696
0.255938
0.273162
0.258764
0.157768
0.121602
0.119827
0.134419
0.133336
0.078054
0.025633
-0.025585
-0.018157
0.002553
-0.033490
0.000382
-0.052607
-0.096693
-0.068157
-0.055951
-0.069744
-0.118855
-0.103277
-0.130682
-0.189626
-0.219291
-0.297270
-0.333358
-0.361667
-0.303020
-0.235237
-0.187156
-0.173910
-0.118028
-0.052134
-0.088273
-0.043818
-0.016978
-0.010110
-0.024991
0.019883
0.053639
0.035901
0.029450
0.041895
0.111951
0.116141
0.118527
0.079942
0.053260
0.041427
0.097103
0.076442
0.088973
0.141403
0.113572
0.091420
0.054556
-0.058028
-0.048196
-0.051303
-0.064776
-0.082225
-0.103947
-0.117588
-0.078665
-0.068263
-0.010307
-0.005264
0.015473
-0.010875
-0.002663
-0.051526
-0.121988
-0.092393
-0.053374
0.007084
-0.015912
-0.027922
-0.012200
0.061572
0.114306
0.103367
0.067097
0.021546
-0.010829
-0.079785
-0.110421
-0.060694
-0.016998
-0.023191
0.012267
-0.002289
0.011136
0.012474
-0.016123
0.036450
0.036199
0.014282
0.062771
0.080384
0.095252
0.102573
0.092670
0.053568
-0.017670
-0.043496
-0.037628
0.041355
0.153907
0.141309
0.084596
0.074546
0.062785
0.055365
0.065177
0.124327
0.091533
0.096610
0.100104
0.140755
0.126884
0.074402
0.038133
0.032223
-0.038830
-0.046108
-0.070090
-0.100745
-0.158420
-0.158225
-0.137097
-0.114314
-0.127042
-0.165074
-0.218990
-0.234378
-0.198315
-0.177624
-0.194156
-0.220406
-0.241067
-0.297670
-0.296627
-0.268854
-0.246014
-0.241479
-0.199016
-0.192262
-0.227638
-0.177029
-0.140519
-0.125711
-0.110423
-0.043983
0.011696
0.030556
0.037290
0.112774
0.160970
0.171618
0.189099
0.192401
0.218156
0.217849
0.220587
0.295830
0.297550
0.306828
0.326009
0.425474
0.421711
0.358153
0.352414
0.355007
0.345075
0.306999
0.315357
0.311584
0.332945
0.264432
0.230923
0.274762
0.213544
0.220938
0.222366
0.177080
0.195394
0.182514
0.196133
0.193671
0.116188
0.175434
0.171000
0.075060
0.002923
0.001441
0.032452
-0.011082
-0.090336
-0.103332
-0.113933
-0.092610
-0.118278
-0.134395
-0.131321
-0.215055
-0.168953
-0.134739
-0.150346
-0.167662
-0.171875
-0.152541
-0.163124
-0.152115
-0.141593
-0.192233
-0.193225
-0.213498
-0.240283
-0.274963
-0.249946
-0.239485
-0.204772
-0.163090
-0.113039
-0.097628
-0.064264
-0.046489
-0.036714
-0.050291
-0.033662
-0.084464
-0.111336
-0.130644
-0.117560
-0.114897
-0.150597
-0.178649
-0.169968
-0.199360
-0.181507
-0.207051
-0.249538
-0.267586
-0.202986
-0.174875
-0.224132
-0.208192
-0.195572
-0.188708
-0.117620
-0.031975
0.019099
0.030971
0.081166
0.130986
0.178640
0.194983
0.239559
0.259894
0.248180
0.271481
0.248526
0.238909
0.241685
0.291235
0.325419
0.356031
0.332674
0.307271
0.310748
0.335973
0.328211
0.311011
0.267125
0.236299
0.247787
0.235649
0.221814
0.169494
0.127727
0.129389
0.126912
0.134722
0.130710
0.132379
0.184250
0.177839
0.125088
0.117089
0.024046
-0.030175
-0.031542
-0.008683
-0.084393
-0.115857
-0.117726
-0.135268
-0.139481
-0.225560
-0.253494
-0.211490
-0.292284
-0.298671
-0.339124
-0.375184
-0.426480
-0.406163
-0.382203
-0.373117
-0.352726
-0.418411
-0.398157
-0.403479
-0.417746
-0.371216
-0.288688
-0.364818
-0.387983
-0.399215
-0.364988
-0.313788
-0.306131
-0.358739
-0.342709
-0.339601
-0.390087
-0.379696
-0.304554
-0.272026
-0.285036
-0.266074
-0.325085
-0.313120
-0.328805
-0.327680
-0.357748
-0.369656
-0.364838
-0.337425
-0.333447
-0.305339
-0.251737
-0.219080
-0.134500
-0.053664
-0.089289
-0.079759
-0.047085
-0.054709
-0.000680
0.028583
0.073562
0.141627
0.189627
0.228202
0.233711
0.233948
0.208142
0.182754
0.112679
0.091979
0.133996
0.149803
0.100130
0.059005
0.025331
-0.004877
-0.012011
-0.043987
-0.025803
-0.002943
-0.012834
0.003049
0.036002
0.026158
0.016958
0.011231
-0.044173
-0.087631
-0.063441
-0.115939
-0.121542
-0.100107
-0.121015
-0.132703
-0.104671
-0.109083
-0.104435
-0.049988
-0.067673
-0.147649
-0.171498
-0.169355
-0.183682
-0.174729
-0.152191
-0.159836
-0.124615
-0.067152
-0.025301
-0.016204
0.021613
0.013337
0.050657
0.041005
0.005420
0.005576
0.027190
0.085474
0.184657
0.237297
0.253125
0.192755
0.151739
0.141019
0.125559
0.067047
0.061329
0.081512
0.064874
0.070669
0.092985
0.113048
0.053226
-0.017487
-0.052379
-0.064463
-0.007197
-0.015469
0.040361
0.071550
0.054039
0.052264
0.047276
0.007438
-0.044497
-0.073604
-0.099337
-0.154715
-0.193624
-0.183628
-0.177276
-0.200094
-0.237303
-0.177665
-0.197250
-0.270993
-0.265500
-0.303427
-0.279183
-0.258417
-0.289858
-0.288066
-0.286902
-0.235441
-0.251221
-0.295348
-0.285235
-0.288266
-0.262205
-0.189344
-0.147069
-0.151662
-0.167609
-0.143816
-0.109531
-0.099610
-0.101732
-0.080222
-0.038709
-0.051185
-0.099856
-0.065321
-0.055235
-0.057793
-0.071068
-0.022550
-0.025180
0.017236
0.059198
0.031416
0.020430
0.049416
0.093328
0.133818
0.143246
0.098355
0.072845
0.077192
0.069934
0.069009
0.101802
0.111592
0.085546
0.072865
0.066399
0.061518
0.056576
0.051963
-0.003550
-0.012694
-0.004322
-0.023470
-0.019787
-0.033821
-0.096408
-0.150042
-0.118609
-0.152598
-0.147379
-0.105649
-0.100897
-0.090467
-0.082323
-0.049995
0.009295
-0.007444
0.033633
0.018555
-0.005074
-0.022384
0.002144
0.050486
0.096283
0.106004
0.081769
0.045265
0.013944
-0.091443
-0.146758
-0.097726
-0.017234
0.014348
-0.012869
0.031301
0.060646
0.030787
0.008216
-0.047244
-0.060934
-0.057872
-0.034637
-0.055881
-0.040619
0.003501
0.007088
0.018969
-0.010594
-0.056199
-0.020213
0.009719
0.049072
0.026381
-0.000167
-0.014991
-0.034260
-0.043811
-0.037027
-0.048871
-0.085832
-0.092379
-0.130592
-0.145684
-0.201415
-0.188553
-0.200529
-0.226941
-0.268088
-0.293482
-0.260925
-0.252044
-0.275838
-0.322617
-0.281433
-0.272536
-0.266157
-0.223418
-0.275611
-0.245281
-0.226621
-0.261827
-0.250733
-0.196381
-0.148873
-0.162744
-0.136135
-0.103477
-0.022271
-0.004350
0.007399
0.009172
0.037712
0.061645
0.068599
0.094748
0.132378
0.107144
0.160252
0.184977
0.186742
0.157641
0.118766
0.110698
0.089752
0.069965
0.061439
0.078613
0.078024
0.111103
0.124224
0.096061
0.142836
0.144599
0.112474
0.108030
0.104574
0.150813
0.140796
0.123537
0.148777
0.144277
0.174724
0.188383
0.199982
0.198671
0.138514
0.083804
0.093525
0.043071
0.031770
0.049715
0.012919
0.001388
-0.024911
-0.046985
-0.044326
-0.053842
-0.024007
0.004134
0.007358
0.012181
0.027942
0.007445
0.031656
0.067051
0.031514
-0.019954
-0.000731
-0.027295
-0.017564
0.009204
0.034736
0.003161
-0.019498
-0.080339
-0.163430
-0.148539
-0.111044
-0.118775
-0.087318
-0.131944
-0.192019
-0.213348
-0.185112
-0.254660
-0.205727
-0.195462
-0.204146
-0.203437
-0.147504
-0.076640
-0.038406
-0.059229
-0.016066
0.012109
-0.029134
-0.077254
-0.119470
-0.094139
-0.076241
0.003863
-0.011877
-0.011679
0.062156
0.106170
0.083766
0.082577
0.053777
0.017316
0.080218
0.083153
0.069067
0.085678
0.090208
0.098938
0.084041
0.059140
0.024973
-0.040999
-0.031433
-0.032317
-0.041553
-0.040857
0.002923
0.057364
0.044308
0.056963
0.085801
0.082431
0.113195
0.099908
0.132045
0.129976
0.107658
0.162080
0.157610
0.123872
0.174031
0.171452
0.160452
0.183620
0.186192
0.131867
0.109729
0.134275
0.175217
0.167163
0.173520
0.179725
0.104555
0.107900
0.049356
0.043915
0.015359
-0.022061
-0.051939
-0.055070
-0.073772
-0.129478
-0.162067
-0.129293
-0.113383
-0.123390
-0.160852
-0.196107
-0.184368
-0.143008
-0.156871
-0.148363
-0.164573
-0.127150
-0.079628
-0.138713
-0.124989
-0.150878
-0.157792
-0.121938
-0.102175
-0.112614
-0.124859
-0.140557
-0.158065
-0.140785
-0.125749
-0.101204
-0.106210
-0.102141
-0.093849
-0.120949
-0.070084
-0.028702
0.044735
0.021362
0.000190
-0.008086
-0.024929
-0.016312
0.035304
0.034932
0.040863
0.026563
0.072654
0.074315
0.065549
0.099045
0.125973
0.121811
0.079129
0.060005
0.055120
0.064994
0.084252
0.053720
0.034608
0.035128
0.048441
0.049504
0.061191
0.027722
0.000926
-0.019139
-0.092940
-0.094432
-0.145122
-0.158607
-0.164077
-0.223407
-0.182170
-0.090727
-0.091259
-0.047486
-0.068166
-0.129933
-0.123688
-0.051411
-0.044857
-0.003329
0.081397
0.112036
0.102352
0.104593
0.084901
0.064363
0.058059
0.021286
0.045258
0.033103
0.021744
0.037753
0.100972
0.154535
0.136751
0.106298
0.074520
0.034735
-0.048539
-0.045639
-0.051845
-0.025602
-0.036335
-0.023718
0.004076
0.008018
-0.024354
0.009523
0.023008
-0.015224
-0.036535
-0.076600
-0.083928
-0.094504
-0.080336
-0.073843
-0.079928
-0.084256
-0.093763
-0.067218
-0.035842
-0.039985
-0.019336
0.010280
0.007884
-0.013225
-0.039121
-0.075691
-0.083562
-0.093386
-0.143669
-0.124730
-0.100515
-0.099193
-0.093147
-0.114788
-0.141624
-0.202602
-0.183002
-0.178919
-0.166895
-0.145163
-0.135218
-0.078948
-0.026863
-0.051040
-0.041900
-0.023894
0.001955
-0.039761
-0.080332
-0.048087
-0.103316
-0.141091
-0.176164
-0.143568
-0.064850
-0.085805
-0.072387
-0.070222
-0.095681
-0.098717
-0.074139
-0.004508
-0.017227
-0.057637
-0.009845
-0.038992
-0.028467
-0.025042
0.005601
0.052778
0.099372
0.094543
0.125001
0.210210
0.225939
0.271037
0.241936
0.253757
0.232782
0.258513
0.180825
0.190047
0.172433
0.174483
0.154171
0.138110
0.128179
0.129189
0.093295
0.077748
0.044915
0.036717
-0.039247
-0.048570
-0.018145
-0.006428
-0.002254
-0.011702
-0.073141
-0.102276
-0.121895
-0.152008
-0.189204
-0.180586
-0.166554
-0.154984
-0.156351
-0.137104
-0.142453
-0.111751
-0.147269
-0.173870
-0.168710
-0.176395
-0.176523
-0.168396
-0.134057
-0.150473
-0.222740
-0.199676
-0.169014
-0.195821
-0.234154
-0.255577
-0.248868
-0.205986
-0.228958
-0.218577
-0.199795
-0.237045
-0.261927
-0.243993
-0.248323
-0.281404
-0.263190
-0.195777
-0.144866
-0.121975
-0.089968
-0.078754
-0.018111
0.017289
0.060224
0.017393
0.035229
0.059265
0.087628
0.128072
0.110910
0.144452
0.128458
0.126774
0.099182
0.086403
0.123458
0.164468
0.217621
0.237530
0.238178
0.221215
0.227718
0.211543
0.211021
0.200244
0.170040
0.154397
0.119250
0.192114
0.183006
0.207231
0.198142
0.199348
0.261282
0.222304
0.199768
0.204860
0.228752
0.197672
0.147549
0.139309
0.076156
0.044501
0.008609
0.050991
0.056859
0.046606
0.111110
0.163917
0.093037
0.064740
0.055906
0.012516
-0.031568
-0.065477
-0.023884
-0.007071
-0.010070
0.015321
-0.001832
-0.013827
-0.026540
-0.028032
-0.019428
0.006248
0.026205
0.049320
0.034420
0.085573
0.066596
0.094661
0.089590
0.049003
0.081414
0.081836
0.113525
0.148682
0.157197
0.174244
0.187378
0.156014
0.162234
0.145983
0.139791
0.069384
0.083525
0.029779
-0.008984
-0.030646
-0.039391
-0.042604
0.038904
0.018795
-0.009796
0.009795
-0.044400
-0.071593
-0.044840
-0.035399
-0.022791
0.003728
-0.042585
-0.052399
-0.061698
-0.059724
-0.011676
0.004553
0.051798
0.078362
0.058653
0.071969
0.070223
0.049576
0.019986
0.062122
0.085326
0.132023
0.144487
0.160954
0.138305
0.112725
0.048610
0.007774
0.022078
0.072875
0.094837
0.135327
0.102289
0.132257
0.123024
0.086850
-0.003102
0.020843
-0.014938
-0.053507
-0.101813
-0.118461
-0.088494
-0.058059
-0.130399
-0.108938
-0.105608
-0.113180
-0.112387
-0.115534
-0.092894
-0.098744
-0.045314
-0.010308
-0.017545
0.032846
0.050060
0.039285
0.022421
-0.031066
-0.070439
-0.104986
-0.073524
-0.061657
-0.069345
-0.051085
-0.099740
-0.116080
-0.087155
-0.097764
-0.091512
-0.058510
-0.040703
0.010037
0.039988
0.022064
0.033345
-0.003292
-0.031405
-0.009171
-0.006724
-0.025530
0.016260
-0.002765
-0.027741
-0.038052
0.007973
-0.013254
-0.006240
0.043156
-0.018514
-0.005271
0.030179
0.039561
0.026469
0.067870
0.058890
0.045028
0.052766
0.045155
0.078073
0.066738
0.047810
0.053005
0.086419
0.034297
-0.023769
-0.048338
-0.036280
-0.024692
0.016085
0.014785
0.041638
0.054877
0.058380
0.046223
0.033649
0.050576
0.044377
0.010770
0.020184
0.035806
0.026477
0.039269
0.042257
0.069335
0.090583
0.095695
0.113149
0.152922
0.192348
0.231186
0.248552
0.269930
0.277780
0.280735
0.231532
0.227014
0.221754
0.141289
0.108903
0.092429
0.039916
0.042331
0.014322
0.004781
-0.028369
-0.046394
-0.067014
-0.129067
-0.120875
-0.106999
-0.073085
-0.093817
-0.099131
-0.089263
-0.096669
-0.155638
-0.207909
-0.191736
-0.179077
-0.213198
-0.183640
-0.170373
-0.168751
-0.153023
-0.102255
-0.096137
-0.035359
-0.003436
-0.020957
0.001214
-0.006853
-0.066999
-0.064900
-0.030384
-0.000405
0.009873
-0.008354
-0.007685
0.032262
0.036814
0.005157
0.036323
0.006788
0.017390
0.023838
0.068825
0.084728
0.071329
0.070158
0.047886
0.067966
0.084334
0.077577
0.108105
0.111303
0.116782
0.109915
0.113927
0.129120
0.142814
0.139757
0.139674
0.166843
0.178555
0.134162
0.117867
0.134771
0.115210
0.122871
0.143516
0.120626
0.135520
0.149824
0.096303
0.081533
0.094630
0.096614
0.103726
0.072331
0.077965
0.100938
0.088212
0.114586
0.096333
0.050472
-0.002048
0.009042
0.050871
0.102826
0.082818
0.078080
0.097280
0.047240
0.012598
0.033482
0.057696
0.064608
0.049668
0.062893
0.109238
0.138297
0.156693
0.121358
0.107866
0.103978
0.079392
0.085847
0.101844
0.071015
0.058056
0.094498
0.099447
0.054512
0.055342
0.038167
0.038139
0.029899
0.035343
0.047293
0.045050
0.005186
-0.022648
-0.001940
0.062013
0.114836
0.136273
0.107666
0.106300
0.085414
0.098383
0.066536
0.071513
0.066517
-0.029238
-0.052732
-0.032542
-0.016885
-0.063073
-0.044850
-0.056892
-0.049684
-0.061967
-0.013353
0.005747
-0.011170
0.000781
0.068308
0.087609
0.053954
0.071057
0.097351
0.083415
0.070683
0.054911
0.067990
0.084437
0.127613
0.094077
0.116439
0.105960
0.076597
0.011567
0.009994
0.020389
0.019543
0.008471
-0.000430
0.045629
0.008242
-0.032000
-0.028267
-0.040069
-0.054103
-0.049378
-0.044294
-0.065624
-0.067510
-0.068422
-0.044882
-0.018521
-0.030909
-0.032716
-0.033470
-0.015411
-0.003865
0.007381
-0.017872
-0.009336
0.004524
0.007545
0.023820
0.051442
0.009467
0.016860
0.042800
0.064324
0.068569
0.114939
0.144438
0.154747
0.169254
0.167526
0.111686
0.070358
0.085894
0.064957
0.072385
0.043731
0.006011
0.059705
0.068531
0.075830
0.022546
-0.025728
-0.036026
0.000474
-0.007766
0.008364
-0.005410
-0.026513
-0.041653
-0.058695
-0.035731
-0.033958
-0.063990
-0.061522
-0.034174
-0.030552
-0.000102
0.026328
0.021414
0.006497
0.029650
0.038681
0.043758
0.015776
-0.006867
-0.035875
-0.029994
-0.037216
-0.053324
-0.065994
-0.028320
-0.044379
-0.013738
-0.026551
-0.037895
-0.014995
-0.034218
-0.038734
-0.057610
-0.100950
-0.106413
-0.099845
-0.123349
-0.135932
-0.137190
-0.112518
-0.087389
-0.120757
-0.133021
-0.128710
-0.161576
-0.147041
-0.125133
-0.160478
-0.150195
-0.151033
-0.146078
-0.165432
-0.158062
-0.120131
-0.105434
-0.082060
-0.035396
-0.044007
-0.026964
-0.051072
-0.065591
-0.018270
0.032687
0.051931
0.085607
0.116573
0.137448
0.109978
0.076823
0.036018
0.035915
0.002697
-0.013419
-0.034426
-0.024495
0.000124
-0.003269
0.029139
0.071120
0.089935
0.135144
0.093022
0.094795
0.097995
0.048956
0.060086
0.081500
0.087450
0.114322
0.155195
0.144502
0.157867
0.164140
0.191405
0.195051
0.143294
0.155571
0.122799
0.104710
0.082899
0.045292
0.014875
0.013172
0.014524
0.025883
0.081662
0.120631
0.132166
0.097244
0.111027
0.116966
0.100149
0.061553
0.087768
0.070864
0.078488
0.114469
0.136903
0.159871
0.192456
0.170076
0.142155
0.116644
0.105734
0.079770
0.093080
0.094309
0.051062
0.061192
0.063529
0.054291
0.069748
0.073440
0.056063
0.084530
0.074293
0.107572
0.122767
0.148071
0.155069
0.141463
0.188046
0.219887
0.239170
0.287386
0.293421
0.265721
0.270773
0.267131
0.247427
0.232417
0.209182
0.202796
0.168755
0.132504
0.062769
0.018898
-0.005390
-0.039207
-0.092669
-0.121436
-0.169179
-0.222683
-0.235946
-0.218759
-0.255315
-0.284190
-0.297607
-0.269799
-0.283818
-0.288458
-0.270979
-0.290482
-0.326939
-0.337423
-0.345949
-0.362392
-0.375316
-0.329559
-0.288842
-0.244128
-0.269671
-0.241416
-0.231371
-0.189918
-0.177300
-0.173834
-0.140316
-0.095850
-0.066706
0.007448
0.053903
0.028655
0.018106
-0.009523
-0.012029
0.016539
0.036628
0.047993
0.078329
0.074358
0.099657
0.107476
0.117250
0.118360
0.068996
0.033332
0.070834
0.064612
0.045992
0.048115
0.004264
-0.017415
-0.062035
-0.139993
-0.168559
-0.167769
-0.171260
-0.176393
-0.168644
-0.159099
-0.151529
-0.165344
-0.174491
-0.175406
-0.173483
-0.161487
-0.162203
-0.150692
-0.141532
-0.138431
-0.143813
-0.172993
-0.222706
-0.192836
-0.181214
-0.166080
-0.133633
-0.109542
-0.123320
-0.105400
-0.105994
-0.132828
-0.116519
-0.145592
-0.170288
-0.201006
-0.198789
-0.190002
-0.198096
-0.199268
-0.174939
-0.136726
-0.139457
-0.170453
-0.172393
-0.123384
-0.171498
-0.189104
-0.208799
-0.182862
-0.150737
-0.137021
-0.122886
-0.123382
-0.117163
-0.107493
-0.108072
-0.054420
-0.010062
0.020080
0.039030
0.041691
0.050226
0.022620
0.035298
0.063680
0.058083
0.041374
0.034297
0.014135
0.019145
0.051597
0.038164
0.060839
0.064852
0.036304
0.084442
0.088372
0.057001
0.059016
0.031176
0.016999
0.014953
0.024289
0.019902
0.010416
0.053905
0.042642
0.002091
-0.025182
-0.027675
-0.063191
-0.113048
-0.127646
-0.121861
-0.149306
-0.208227
-0.182729
-0.171428
-0.137642
-0.136637
-0.109186
-0.121380
-0.074709
-0.085191
-0.116924
-0.083184
-0.066338
-0.054088
-0.057963
-0.076698
-0.064305
-0.080310
-0.081031
-0.046458
-0.021984
-0.020094
0.031460
0.087457
0.114190
0.142785
0.164271
0.189353
0.242103
0.192536
0.177343
0.183248
0.199465
0.172906
0.117182
0.063766
0.065193
0.119346
0.141575
0.163245
0.137468
0.103656
0.117518
0.148946
0.153167
0.198634
0.206714
0.173123
0.120642
0.166470
0.148930
0.125007
0.140032
0.149856
0.136080
0.162204
0.158826
0.185373
0.174376
0.169043
0.160981
0.144293
0.135436
0.073799
0.060783
0.060947
0.030749
0.065403
0.064211
0.045336
0.009847
-0.004783
-0.037672
-0.054395
-0.072136
-0.059987
-0.089568
-0.063823
-0.058780
-0.017556
-0.075307
-0.087955
-0.051841
-0.092473
-0.089831
-0.093174
-0.087815
-0.087437
-0.105971
-0.088671
-0.076643
-0.074264
-0.056649
-0.068179
-0.088882
-0.073684
-0.063955
-0.042923
-0.038023
-0.029796
-0.007072
0.034082
0.043109
-0.004418
0.019239
0.017332
0.004141
-0.002844
-0.000349
0.006905
0.016310
0.007417
0.029311
0.046751
0.073768
0.077244
0.071969
0.102154
0.052318
0.035280
0.040996
0.059998
0.090404
0.107340
0.108235
0.143054
0.149625
0.164124
0.186746
0.205886
0.235519
0.249709
0.232103
0.239656
0.226400
0.205017
0.210946
0.200637
0.190548
0.190516
0.150377
0.138126
0.115881
0.054653
0.033775
0.024567
-0.016925
-0.036647
-0.043304
-0.012648
-0.044536
-0.091779
-0.108654
-0.097904
-0.050884
-0.043394
-0.043354
-0.031714
-0.042165
-0.063656
-0.062120
-0.081501
-0.047230
-0.019020
-0.036829
-0.050263
-0.031073
-0.009115
-0.011102
-0.009199
0.011348
0.054301
0.041447
-0.027675
-0.061801
-0.043673
-0.048475
-0.032063
-0.034338
-0.022444
-0.014840
-0.006697
0.002082
0.029133
0.086653
0.059322
0.021750
0.067721
0.091896
0.120953
0.174870
0.187993
0.205394
0.155671
0.112355
0.095090
0.062134
0.042053
0.027644
0.002672
-0.004533
-0.046315
-0.027035
-0.031280
-0.046436
-0.065289
-0.043839
-0.033710
-0.067822
-0.090004
-0.139509
-0.129527
-0.089990
-0.105060
-0.103389
-0.081183
-0.061096
-0.047228
-0.076238
-0.090983
-0.142245
-0.194731
-0.193979
-0.223905
-0.241914
-0.211854
-0.216239
-0.206941
-0.177695
-0.182373
-0.199867
-0.171469
-0.168838
-0.154871
-0.112523
-0.123641
-0.116087
-0.107326
-0.113610
-0.079095
-0.051879
-0.074037
-0.068079
-0.067379
-0.087042
-0.072060
-0.035858
-0.016728
-0.049673
-0.061609
-0.063452
-0.055590
-0.037328
-0.027233
-0.009620
-0.022936
-0.015067
-0.014849
0.046923
0.077354
0.052558
0.048371
0.018349
-0.027231
-0.028598
0.011734
0.070192
0.080546
0.122487
0.102783
0.104156
0.102582
0.127894
0.114142
0.107472
0.037596
0.048943
0.095098
0.096276
0.080139
0.088373
0.095736
0.070406
0.020647
0.026307
-0.016916
-0.026479
-0.046497
-0.016665
0.010177
-0.014680
-0.058854
-0.065429
-0.049767
-0.039978
-0.059230
-0.052485
-0.060493
-0.043950
-0.013861
-0.010675
0.037990
0.000388
-0.031850
-0.018060
-0.044381
-0.040696
-0.027211
0.001360
-0.005424
-0.008660
-0.033040
-0.047658
-0.093832
-0.121560
-0.164874
-0.165163
-0.164808
-0.140999
-0.127835
-0.114010
-0.092633
-0.064753
-0.082250
-0.094504
-0.120169
-0.094037
-0.092270
-0.105633
-0.136426
-0.146693
-0.112927
-0.063989
-0.047378
-0.076464
-0.093595
-0.104687
-0.106572
-0.088298
-0.092210
-0.052000
-0.009031
0.008960
0.027534
0.041849
0.044404
0.071852
0.065342
0.044358
0.130608
0.136275
0.145652
0.129411
0.123183
0.103349
0.088319
0.096168
0.082578
0.082461
0.058553
0.050625
0.066487
0.051366
0.017898
0.002097
-0.017652
-0.053105
-0.067495
-0.135005
-0.152339
-0.133895
-0.120454
-0.121573
-0.134983
-0.140073
-0.188421
-0.194831
-0.221584
-0.252456
-0.240682
-0.192610
-0.180603
-0.131968
-0.156906
-0.106157
-0.050113
-0.048587
-0.051612
-0.006193
0.050315
0.074837
0.072557
0.084495
0.104634
0.136624
0.093159
0.074442
0.097242
0.101460
0.070209
0.085704
0.115165
0.126166
0.074610
0.048650
0.037003
0.026725
0.037364
0.042450
0.043963
0.071692
-0.038327
-0.086908
-0.074371
-0.056598
-0.062478
-0.079189
-0.074493
-0.059873
-0.096895
-0.136583
-0.187779
-0.214675
-0.208225
-0.201355
-0.209848
-0.209547
-0.189906
-0.206277
-0.210594
-0.191973
-0.211073
-0.240282
-0.227637
-0.267362
-0.249925
-0.220351
-0.209230
-0.197163
-0.186777
-0.214972
-0.191770
-0.171631
-0.138554
-0.122196
-0.128076
-0.097672
-0.052044
-0.008462
0.018996
-0.016740
-0.031595
-0.035577
-0.049190
-0.050127
-0.031256
-0.019990
-0.007494
-0.027045
-0.078370
-0.073811
-0.105615
-0.111470
-0.110813
-0.108161
-0.105266
-0.123923
-0.141844
-0.147498
-0.163732
-0.140703
-0.167427
-0.132043
-0.082472
-0.034227
-0.006983
-0.008310
0.007200
0.031451
0.009605
-0.023819
-0.010955
-0.027818
0.017763
0.051035
0.099415
0.116328
0.116151
0.098077
0.107341
0.131441
0.152788
0.145742
0.148110
0.159833
0.162097
0.153942
0.145994
0.138435
0.170325
0.140730
0.089224
0.067232
0.103112
0.079832
0.092579
0.120204
0.121881
0.108540
0.164658
0.152935
0.151749
0.149747
0.113621
0.140558
0.122140
0.122955
0.094605
0.083423
0.079587
0.080630
0.072504
0.012547
-0.003203
-0.025524
-0.049237
-0.029413
-0.009140
-0.019113
-0.012031
0.002625
-0.018651
0.024769
0.029276
0.051605
0.047910
0.054145
0.033537
0.002803
0.008642
0.032979
0.036556
0.027931
0.002883
-0.001060
-0.032073
-0.012708
-0.000099
-0.005708
-0.055072
-0.014416
0.113281
0.124002
0.133503
0.145600
0.185129
0.188736
0.170131
0.184273
0.172718
0.153152
0.163809
0.150071
0.214109
0.233932
0.234422
0.223539
0.168108
0.122880
0.101604
0.053427
0.032623
0.037950
0.053160
0.038581
0.042984
0.042405
0.054062
0.055579
0.094177
0.068816
0.054275
0.024265
0.015931
0.010963
0.025071
0.045624
0.044528
0.000215
-0.035207
-0.044585
-0.047471
-0.020343
0.015141
0.056044
0.060724
0.048571
0.064183
0.003959
-0.026593
-0.025862
-0.017661
-0.005816
-0.016776
-0.043591
-0.042744
-0.058326
-0.064200
-0.063650
-0.033902
0.007636
-0.004033
-0.005824
0.018602
0.051489
0.045955
0.030880
0.073662
0.074343
0.037293
0.031682
0.042410
0.039965
0.022634
0.044250
0.030529
-0.021874
-0.017304
-0.012507
-0.040106
-0.018101
-0.031200
-0.035420
-0.019547
-0.020416
-0.051044
-0.056579
-0.083261
-0.024658
-0.005847
-0.024845
-0.027928
-0.020429
-0.020310
-0.021739
0.006768
0.003908
0.001470
0.005809
0.045244
0.033465
0.063137
0.112151
0.132223
0.133045
0.097880
0.096518
0.127368
0.148499
0.203176
0.193994
0.221081
0.231879
0.194878
0.185188
0.197593
0.185435
0.176826
0.195822
0.218207
0.235473
0.201774
0.155015
0.155793
0.138439
0.145614
0.127900
0.110268
0.091847
0.048268
-0.012341
-0.007823
-0.026962
-0.019636
-0.019891
-0.062670
-0.092431
-0.117149
-0.125156
-0.111368
-0.107600
-0.114660
-0.131335
-0.158417
-0.196694
-0.253620
-0.263861
-0.275734
-0.252225
-0.250390
-0.213170
-0.224607
-0.219694
-0.248973
-0.270306
-0.248520
-0.227330
-0.240999
-0.196200
-0.188917
-0.216578
-0.190533
-0.171873
-0.174682
-0.174989
-0.190878
-0.189580
-0.201329
-0.170773
-0.106469
-0.082605
-0.057147
-0.027705
-0.044557
-0.068471
-0.049688
-0.052843
-0.084555
-0.094750
-0.065740
-0.093817
-0.115241
-0.121318
-0.137030
-0.163788
-0.196675
-0.199374
-0.195693
-0.171421
-0.116305
-0.142913
-0.157953
-0.146311
-0.161494
-0.145643
-0.097491
-0.065225
-0.060691
0.003627
0.014353
0.025883
0.031447
0.062910
0.095384
0.099676
0.157903
0.210648
0.212548
0.228174
0.257549
0.237550
0.209952
0.210139
0.258166
0.277659
0.287818
0.279627
0.258725
0.286825
0.272861
0.271623
0.259092
0.309991
0.321099
0.306755
0.304386
0.284015
0.235721
0.233111
0.222921
0.192659
0.165746
0.139357
0.149647
0.135761
0.112934
0.138809
0.122617
0.126494
0.086841
0.074291
0.037324
-0.027750
-0.079624
-0.077938
-0.069939
-0.076912
-0.067920
-0.072820
-0.072242
-0.055249
-0.060257
-0.108651
-0.117945
-0.135137
-0.162794
-0.132622
-0.149669
-0.163570
-0.166260
-0.213410
-0.187917
-0.190021
-0.196267
-0.209921
-0.181324
-0.188704
-0.150989
-0.088842
-0.077853
-0.082204
-0.074470
-0.016025
-0.020002
-0.010622
-0.020687
-0.002023
-0.002558
-0.022190
-0.000957
-0.017882
-0.022680
-0.023091
-0.077749
-0.065357
-0.043686
0.004497
-0.012408
-0.014494
-0.017572
-0.005770
0.022202
0.032757
0.004265
-0.037403
-0.020251
-0.030509
-0.051322
-0.041754
-0.072366
-0.068613
-0.071072
-0.113643
-0.115677
-0.147455
-0.126160
-0.100536
-0.086187
-0.061215
-0.027257
-0.044083
-0.064587
-0.051339
-0.011255
0.006622
0.035678
0.096184
0.076230
0.083170
0.082602
0.057463
0.091184
0.105795
0.099082
0.128226
0.136755
0.143231
0.139857
0.153305
0.160004
0.152584
0.154012
0.144228
0.206590
0.263695
0.220464
0.274155
0.279771
0.262238
0.248547
0.253313
0.222535
0.222334
0.203954
0.174673
0.163723
0.112293
0.099371
0.069622
0.085448
0.091648
0.061023
0.051082
0.006388
-0.000298
0.025165
0.051497
0.087153
0.094528
0.107886
0.114962
0.099192
0.062703
0.046142
0.004193
-0.037072
-0.046247
-0.060855
-0.030481
-0.050586
-0.089107
-0.128457
-0.145405
-0.158285
-0.137043
-0.133873
-0.147945
-0.167667
-0.172275
-0.191965
-0.203978
-0.196295
-0.151583
-0.152668
-0.173873
-0.218792
-0.239760
-0.262561
-0.248308
-0.235300
-0.216032
-0.177430
-0.140156
-0.104794
-0.089004
-0.105046
-0.109881
-0.115289
-0.130230
-0.113047
-0.122494
-0.087141
-0.084478
-0.057107
-0.035225
0.021254
0.028245
0.017323
0.027718
0.008298
0.007535
0.029075
0.030176
0.038654
0.029861
0.001871
-0.004637
-0.000438
0.019438
0.072165
0.109826
0.088672
0.077524
0.083634
0.131331
0.105874
0.124739
0.149029
0.204898
0.199142
0.170702
0.177151
0.139634
0.082827
0.059412
0.084621
0.075062
0.069391
0.088423
0.088646
0.137608
0.086011
0.054679
0.069879
0.025821
-0.001684
0.031467
0.046764
0.062406
0.080982
0.090570
0.083021
0.106030
0.165663
0.188659
0.172497
0.154828
0.184072
0.165432
0.117752
0.133448
0.144253
0.134334
0.147865
0.118187
0.058112
0.040775
0.001076
-0.002449
0.014161
-0.009450
-0.030769
-0.109717
-0.174991
-0.184511
-0.137499
-0.116192
-0.127581
-0.141947
-0.139829
-0.165274
-0.157871
-0.106792
-0.097840
-0.132495
-0.150384
-0.164516
-0.151287
-0.126150
-0.132964
-0.133889
-0.144138
-0.044408
-0.009163
-0.013491
0.005510
-0.015020
0.039022
0.047056
0.035752
0.001816
0.047847
0.034284
0.031076
0.027063
0.003647
0.009105
-0.002479
-0.020728
0.007569
-0.009305
-0.014790
0.021829
0.016713
0.016816
-0.006922
-0.041822
-0.009995
-0.011735
-0.023278
0.016864
0.021991
0.046479
0.044003
0.034160
0.036422
0.032765
0.006545
0.014690
-0.039312
-0.053003
-0.001713
-0.011049
-0.014543
0.018415
0.016121
0.054531
0.078191
0.083118
0.055508
0.019346
0.006693
-0.008453
-0.003018
-0.005666
-0.016844
0.009448
0.030421
0.026752
0.049726
0.056601
0.028166
-0.021233
-0.051379
-0.018233
-0.029594
-0.070236
-0.025573
-0.016922
-0.047006
-0.041198
-0.022074
-0.023425
-0.028431
0.001324
0.006893
0.004662
-0.004918
-0.020524
-0.007834
-0.002411
-0.013690
-0.034069
-0.002388
-0.031885
-0.006504
0.003976
0.020629
0.004269
-0.004399
-0.047240
-0.060293
-0.081352
-0.052340
-0.005697
0.015722
0.018383
0.030589
0.031491
0.030894
0.052684
0.078571
0.096469
0.144689
0.130470
0.112771
0.136572
0.116320
0.073266
0.077144
0.085786
0.132575
0.097817
0.085322
0.093895
0.099333
0.078776
0.048973
0.030094
-0.013726
-0.014016
-0.050599
-0.036719
-0.050857
-0.069465
-0.084904
-0.054289
-0.038164
-0.037283
-0.006044
-0.013116
0.012837
-0.001221
0.008166
0.027504
0.028607
0.013174
0.019306
0.025283
0.015170
0.005051
0.003859
0.033070
0.058102
0.078759
0.088050
0.074230
0.037879
0.018314
0.042882
0.031798
0.039177
0.028063
0.021629
0.016149
-0.005084
0.012815
0.062096
0.080078
0.122158
0.130571
0.162219
0.156740
0.153113
0.135290
0.140761
0.190601
0.216630
0.158718
0.185862
0.220000
0.199225
0.176376
0.150373
0.130420
0.132786
0.150565
0.141796
0.157793
0.171023
0.143715
0.136913
0.120637
0.108690
0.068840
0.061519
0.059881
0.052988
0.074261
0.060759
0.046185
0.031281
-0.018545
-0.032681
-0.025528
-0.021724
-0.005705
0.058824
0.087607
0.085554
0.074726
0.090222
0.101916
0.090794
0.101508
0.077647
0.106864
0.046582
-0.009672
-0.016589
-0.030753
-0.051617
-0.033223
-0.078224
-0.107022
-0.128326
-0.134025
-0.146091
-0.141146
-0.095714
-0.043124
-0.013227
-0.019213
-0.016425
-0.014812
-0.003887
0.029257
0.025083
0.028456
0.024501
0.010148
-0.006664
0.003480
0.029509
0.083575
0.095426
0.092756
0.077894
0.083727
0.089342
0.086143
0.095336
0.091637
0.056477
0.104938
0.102936
0.105368
0.095827
0.090588
0.108816
0.074354
0.033325
0.003827
0.056956
0.058006
0.029290
0.019952
0.038934
0.029938
0.015788
-0.011924
-0.030586
0.002601
0.007196
0.003504
-0.007196
-0.033616
-0.031760
0.002764
-0.000908
-0.045847
-0.027563
-0.061478
-0.046825
-0.020958
-0.070728
-0.062284
-0.023042
-0.049423
-0.032261
-0.012011
-0.011865
-0.037515
-0.041771
-0.014705
0.010203
-0.006960
0.008375
0.015115
0.062037
0.073119
0.063111
0.072241
0.111468
0.088003
0.147091
0.225855
0.223194
0.252337
0.251311
0.254741
0.220619
0.200552
0.195794
0.209770
0.201427
0.225210
0.230927
0.235986
0.216623
0.248583
0.225905
0.189644
0.168949
0.181374
0.122193
0.106972
0.090385
0.058589
0.002806
-0.048928
-0.043974
-0.066012
-0.076285
-0.062205
-0.079103
-0.069225
-0.084171
-0.122004
-0.128308
-0.093832
-0.143688
-0.135087
-0.153479
-0.130799
-0.152888
-0.159711
-0.178584
-0.179605
-0.184796
-0.166944
-0.190638
-0.209831
-0.182839
-0.177874
-0.143900
-0.144918
-0.133364
-0.105056
-0.062814
-0.066626
-0.063424
-0.057349
-0.092151
-0.084719
-0.099005
-0.118688
-0.118497
-0.118369
-0.092636
-0.084427
-0.070827
-0.072679
-0.055155
-0.063250
-0.045337
-0.040907
-0.032246
-0.040094
0.001171
0.032678
0.080182
0.087466
0.111414
0.146134
0.175163
0.171250
0.153684
0.135781
0.095733
0.108340
0.106287
0.125989
0.131886
0.112839
0.097952
0.082571
0.080177
0.085145
0.011396
-0.021706
-0.034502
-0.037937
-0.035918
0.003452
0.046321
0.090497
0.128014
0.146451
0.118097
0.129386
0.151628
0.144493
0.124127
0.145009
0.127421
0.139630
0.126385
0.119983
0.093375
0.098390
0.072069
0.063313
0.050767
0.038131
0.034541
0.056663
0.061711
0.094380
0.112649
0.141141
0.116978
0.084003
0.098668
0.081315
0.057381
0.054404
0.013067
0.055705
0.077436
0.074736
0.083778
0.083571
0.077366
0.089526
0.141432
0.131549
0.135613
0.135389
0.135412
0.111998
0.087003
-0.002499
-0.051389
-0.095321
-0.092738
-0.097026
-0.098433
-0.096365
-0.084710
-0.054249
-0.066412
-0.062889
-0.031229
-0.017518
-0.024803
-0.025590
-0.001579
-0.030703
0.011894
0.026702
0.023619
0.055063
0.086283
0.070151
0.058495
0.023837
-0.008941
-0.024346
-0.011945
-0.033402
-0.036821
-0.058968
-0.053314
-0.052790
-0.086198
-0.089928
-0.096081
-0.081841
-0.099751
-0.114108
-0.112437
-0.064768
-0.043190
-0.055938
-0.062154
-0.092983
-0.091222
-0.072927
-0.049070
-0.036925
-0.035433
-0.013654
-0.045689
-0.036585
-0.025371
-0.057031
-0.054152
-0.043502
-0.066748
-0.073311
-0.084369
-0.067452
-0.082769
-0.117354
-0.128645
-0.105874
-0.147953
-0.140614
-0.133271
-0.128834
-0.088870
-0.090827
-0.102191
-0.094691
-0.135691
-0.121330
-0.082318
-0.023133
0.017593
0.038197
0.006747
-0.038052
-0.016919
0.031417
0.037954
0.058678
0.076713
0.100075
0.120819
0.103109
0.153530
0.182560
0.181534
0.213445
0.205691
0.259860
0.263983
0.267370
0.271556
0.270268
0.286188
0.294219
0.289298
0.275938
0.283122
0.294191
0.243865
0.180753
0.137748
0.083921
0.039278
0.020324
0.021584
0.034384
0.035792
0.057270
0.076379
0.038113
0.041522
0.065914
0.041219
0.018631
0.024053
-0.007530
0.012641
0.020824
0.018468
0.057000
0.046469
0.015421
0.001144
-0.036891
-0.010224
-0.003738
-0.024173
-0.029040
-0.031573
-0.055483
-0.080986
-0.090840
-0.098804
-0.103833
-0.098121
-0.084973
-0.071168
-0.085679
-0.082511
-0.102192
-0.115612
-0.114956
-0.119744
-0.149385
-0.121195
-0.156086
-0.196127
-0.204722
-0.143185
-0.113930
-0.140185
-0.181828
-0.148848
-0.166814
-0.198595
-0.180659
-0.216709
-0.217466
-0.169990
-0.189569
-0.206351
-0.206288
-0.141992
-0.124469
-0.084786
-0.044231
-0.000595
-0.021902
-0.035571
-0.067051
-0.058076
-0.029883
-0.024453
0.014530
0.025010
0.052103
0.106267
0.137293
0.139326
0.153419
0.148829
0.168623
0.195933
0.235397
0.248096
0.268082
0.269180
0.284443
0.255757
0.250909
0.295934
0.255954
0.225940
0.251229
0.265303
0.264119
0.244024
0.267297
0.236221
0.211394
0.143414
0.105495
0.100205
0.086159
0.077162
0.082864
0.074631
0.082612
0.060801
0.076579
0.081305
0.044059
0.052557
0.042822
0.019186
0.001908
-0.006155
-0.027951
-0.068161
-0.106195
-0.120492
-0.144809
-0.153777
-0.156131
-0.143295
-0.167281
-0.176813
-0.194554
-0.205089
-0.206059
-0.193627
-0.198710
-0.181913
-0.159379
-0.119647
-0.144915
-0.113127
-0.076567
-0.059099
-0.010102
0.038293
0.037415
0.059067
0.070331
0.130263
0.162530
0.166233
0.161411
0.168017
0.152065
0.192049
0.189284
0.145243
0.158387
0.153287
0.167303
0.124551
0.081177
0.037763
0.018335
0.001930
0.010852
0.027802
-0.027092
-0.068293
-0.119741
-0.143077
-0.158590
-0.156635
-0.102974
-0.054200
-0.010983
0.008832
-0.015735
-0.028708
-0.008631
-0.006292
-0.042265
-0.029971
-0.035548
-0.008787
-0.024140
-0.010757
0.032009
0.015319
-0.035628
-0.075301
-0.076655
-0.073095
-0.041481
-0.020383
-0.002092
-0.032026
-0.008513
0.014591
0.009391
-0.020454
-0.001998
0.021868
0.003167
0.006005
-0.026285
-0.011151
-0.043494
-0.098606
-0.108325
-0.131698
-0.195939
-0.224981
-0.204452
-0.218909
-0.169981
-0.161670
-0.153801
-0.144881
-0.134943
-0.170865
-0.149331
-0.104883
-0.091395
-0.121700
-0.141776
-0.165542
-0.167696
-0.120390
-0.156790
-0.166259
-0.100267
-0.046703
-0.029512
-0.027076
-0.006316
0.007534
0.002413
-0.031395
-0.062597
-0.049375
0.002512
0.003498
-0.011834
-0.010643
0.011848
0.026978
0.077028
0.116967
0.107583
0.108233
0.071355
0.064793
0.049141
0.109228
0.104772
0.169567
0.205944
0.184668
0.202014
0.207555
0.240576
0.251310
0.216387
0.210837
0.208847
0.194322
0.197504
0.214728
0.186283
0.199552
0.214068
0.163454
0.142287
0.099406
0.120305
0.108711
0.064468
0.051548
-0.005462
0.023274
0.015799
-0.032107
-0.016878
-0.013021
0.004848
-0.017580
-0.024379
-0.048495
-0.042507
-0.079397
-0.091677
-0.120349
-0.141962
-0.154751
-0.149332
-0.131231
-0.142687
-0.127730
-0.139916
-0.183088
-0.201941
-0.245107
-0.251850
-0.257384
-0.263757
-0.260252
-0.227436
-0.213085
-0.207045
-0.194887
-0.123535
-0.133579
-0.136919
-0.093827
-0.080431
-0.075244
-0.049612
-0.038666
-0.019619
-0.022991
-0.052715
-0.081524
-0.092003
-0.121239
-0.104311
-0.084064
-0.113071
-0.068700
-0.035987
-0.035381
-0.019741
0.020710
0.021733
0.041698
0.051448
0.020947
0.002734
0.004332
0.017087
0.049648
0.061706
0.086615
0.079653
0.072651
0.109029
0.114266
0.150835
0.147138
0.159612
0.137531
0.139557
0.148503
0.145837
0.124364
0.110117
0.087365
0.102176
0.033396
-0.019332
-0.031516
-0.041249
-0.007917
-0.050399
-0.121389
-0.066111
-0.070263
-0.023259
0.005423
-0.012999
-0.014667
-0.015189
-0.006803
-0.001932
0.002036
0.008792
-0.002256
0.012763
-0.001153
0.044235
0.056609
0.050826
0.021477
0.008581
0.018539
0.080124
0.085865
0.067991
0.041472
0.029250
0.004121
0.006110
0.006463
-0.015314
-0.035799
-0.049589
-0.066644
-0.054905
-0.073055
-0.101862
-0.107097
-0.075656
-0.063822
-0.093851
-0.079537
-0.114970
-0.121061
-0.135687
-0.116622
-0.174532
-0.174366
-0.126146
-0.129345
-0.115498
-0.133196
-0.138542
-0.126265
-0.109105
-0.092856
-0.081500
-0.087378
-0.106604
-0.107025
-0.120467
-0.157440
-0.147375
-0.107397
-0.101370
-0.099919
-0.095286
-0.137768
-0.119333
-0.173144
-0.155918
-0.105047
-0.132462
-0.149225
-0.153419
-0.142189
-0.120093
-0.085412
-0.105633
-0.133394
-0.123527
-0.134671
-0.117627
-0.115728
-0.136373
-0.078283
-0.087113
-0.119688
-0.169345
-0.196304
-0.144515
-0.075107
-0.094429
-0.116777
-0.115952
-0.069580
-0.011946
-0.011178
-0.039085
-0.062263
-0.073928
-0.019606
0.002351
0.007232
-0.013804
-0.003061
-0.013103
-0.008516
-0.031422
-0.041310
-0.048340
-0.079317
-0.067035
-0.023913
-0.012311
-0.039873
-0.005155
-0.012462
-0.024536
-0.023628
-0.023695
-0.014172
-0.015916
-0.017623
-0.044005
-0.062808
-0.050080
-0.050487
-0.055055
-0.080745
-0.125495
-0.168895
-0.164880
-0.168650
-0.182959
-0.175707
-0.185074
-0.216496
-0.195870
-0.203815
-0.181738
-0.174293
-0.147454
-0.129960
-0.115700
-0.097877
-0.039129
-0.065818
-0.114436
-0.137595
-0.153668
-0.154374
-0.128410
-0.108955
-0.092873
-0.065080
-0.030391
-0.020126
-0.005996
0.011416
0.009193
0.076367
0.091746
0.088596
0.084208
0.122484
0.180935
0.223005
0.266162
0.265252
0.219432
0.232774
0.239643
0.264055
0.219757
0.200810
0.196877
0.227988
0.234153
0.190230
0.171352
0.151373
0.136438
0.128840
0.128555
0.122035
0.095587
0.055461
0.027215
-0.001021
-0.004035
0.020593
0.020818
0.031011
0.074301
0.068421
0.035037
0.021088
-0.001036
-0.037537
-0.061358
-0.105142
-0.118125
-0.148120
-0.180004
-0.167613
-0.154205
-0.150885
-0.219022
-0.188400
-0.163024
-0.151879
-0.113415
-0.090354
-0.036142
-0.001152
-0.021218
-0.004779
-0.024744
-0.082059
-0.003681
-0.008323
-0.050833
-0.050115
-0.038097
-0.030957
-0.003020
-0.012123
-0.017067
-0.019074
0.001253
0.018774
0.016782
0.004463
0.026290
0.042986
0.084932
0.079041
0.009791
-0.011666
0.018951
0.029056
0.007219
-0.040966
-0.100105
-0.133857
-0.141934
-0.135083
-0.122337
-0.071409
-0.029850
-0.001987
-0.033969
-0.062451
-0.071155
-0.131424
-0.196449
-0.186273
-0.155154
-0.113681
-0.066698
-0.091250
-0.073567
-0.094310
-0.078525
-0.084780
-0.120895
-0.114478
-0.090235
-0.094612
-0.073109
-0.044602
-0.016285
0.007567
0.009721
0.001072
-0.022805
-0.022893
-0.006405
-0.012128
-0.011016
0.019454
-0.008736
-0.001665
0.008505
0.006718
-0.017022
-0.015681
-0.022295
-0.000645
-0.024634
-0.040187
-0.017610
-0.015276
-0.025418
-0.037504
-0.006268
0.030546
0.016977
0.009101
0.019007
-0.016729
-0.006795
-0.032262
-0.049769
-0.066148
-0.112660
-0.127521
-0.120068
-0.112948
-0.128995
-0.177370
-0.188795
-0.170653
-0.189505
-0.228377
-0.271357
-0.268953
-0.290512
-0.280475
-0.305108
-0.308574
-0.279425
-0.223441
-0.198926
-0.199315
-0.218163
-0.234279
-0.197857
-0.205041
-0.143675
-0.144774
-0.148802
-0.153357
-0.115503
-0.080051
-0.101290
-0.123606
-0.107965
-0.060438
-0.030178
0.026213
0.003516
-0.019054
0.023575
0.064271
0.036223
0.055910
0.100194
0.136206
0.176592
0.166347
0.127422
0.157597
0.162111
0.152384
0.086838
0.037908
-0.028252
-0.039331
-0.022111
-0.043392
-0.060059
-0.058272
-0.043922
-0.083098
-0.116293
-0.129042
-0.179621
-0.183503
-0.238124
-0.237663
-0.223474
-0.200248
-0.227379
-0.223370
-0.210028
-0.170005
-0.132372
-0.140620
-0.153177
-0.139960
-0.072723
-0.096635
-0.096737
-0.057053
-0.064716
-0.088677
-0.026343
-0.005592
0.005179
-0.000492
0.027294
0.023508
0.024091
0.067891
0.075098
0.113998
0.100882
0.079993
0.097240
0.067945
0.030898
-0.036276
-0.055636
-0.099162
-0.107880
-0.107442
-0.147142
-0.169028
-0.173192
-0.157042
-0.085089
-0.058682
-0.055396
-0.094712
-0.113001
-0.119247
-0.133622
-0.143640
-0.063040
-0.034087
-0.030770
-0.015840
-0.011536
-0.006849
0.021316
0.030226
0.008700
-0.030023
-0.001836
0.001114
0.018122
0.023946
-0.010227
-0.040991
-0.044075
-0.070311
-0.091153
-0.145574
-0.161538
-0.143958
-0.150579
-0.167233
-0.136945
-0.087380
-0.115832
-0.146315
-0.118312
-0.085789
-0.102241
-0.113892
-0.112807
-0.052749
-0.021693
-0.024801
-0.011987
-0.020566
-0.032144
-0.059203
-0.065938
-0.032173
-0.023386
-0.019397
-0.019126
-0.021347
-0.003552
-0.035434
-0.067877
-0.064293
-0.085794
-0.072960
-0.057428
-0.031569
-0.070013
-0.067544
-0.062320
-0.101813
-0.065843
-0.077042
-0.075792
-0.063363
-0.063736
-0.029117
-0.027218
-0.054373
-0.047577
-0.056255
-0.028526
-0.027048
-0.005665
0.017698
0.045980
0.068632
0.064387
0.048852
0.044327
0.050241
0.063512
0.064950
0.051302
0.135739
0.162090
0.182604
0.183162
0.180883
0.183758
0.156871
0.160999
0.160632
0.116921
0.128851
0.102035
0.081238
0.063697
0.035512
0.006081
-0.000901
-0.034683
-0.094928
-0.141161
-0.159051
-0.159220
-0.170204
-0.193546
-0.249811
-0.279640
-0.291924
-0.260664
-0.212278
-0.181521
-0.182319
-0.079871
-0.039741
-0.052572
-0.045761
-0.062513
-0.072722
-0.029578
0.004240
0.007171
0.004944
-0.014373
-0.009886
0.011571
0.043826
0.040522
0.087324
0.078861
0.117924
0.136779
0.163086
0.133574
0.117732
0.103258
0.109001
0.098838
0.118271
0.158775
0.112268
0.138437
0.105323
0.128415
0.129997
0.169301
0.129728
0.122906
0.133751
0.083160
0.019692
0.010928
0.017892
-0.016331
-0.042705
0.065384
0.105778
0.077196
